-0.726324
-0.726332
-0.726345
-0.726363
-0.726386
-0.726414
-0.726448
-0.726486
-0.72653
-0.726579
-0.726633
-0.726692
-0.726757
-0.726826
-0.726901
-0.726981
-0.727066
-0.727156
-0.727251
-0.727352
-0.727457
-0.727568
-0.727684
-0.727805
-0.727931
-0.728062
-0.728198
-0.72834
-0.728487
-0.728638
-0.728795
-0.728958
-0.729125
-0.729297
-0.729475
-0.729657
-0.729845
-0.730038
-0.730236
-0.730439
-0.730648
-0.730861
-0.73108
-0.731303
-0.731532
-0.731766
-0.732005
-0.732249
-0.732499
-0.732753
-0.733013
-0.733277
-0.733547
-0.733822
-0.734102
-0.734387
-0.734677
-0.734973
-0.735273
-0.735579
-0.735889
-0.736205
-0.736526
-0.736852
-0.737183
-0.737519
-0.73786
-0.738206
-0.738558
-0.738914
-0.739276
-0.739642
-0.740014
-0.740391
-0.740773
-0.741159
-0.741551
-0.741948
-0.742351
-0.742758
-0.74317
-0.743587
-0.744009
-0.744437
-0.744869
-0.745306
-0.745749
-0.746196
-0.746649
-0.747106
-0.747569
-0.748036
-0.748509
-0.748987
-0.749469
-0.749957
-0.750449
-0.750947
-0.75145
-0.751957
-0.75247
-0.752987
-0.75351
-0.754037
-0.754569
-0.755107
-0.755649
-0.756196
-0.756749
-0.757306
-0.757868
-0.758435
-0.759007
-0.759584
-0.760165
-0.760752
-0.761343
-0.76194
-0.762541
-0.763147
-0.763758
-0.764374
-0.764995
-0.765621
-0.766251
-0.766887
-0.767527
-0.768172
-0.768822
-0.769476
-0.770136
-0.7708
-0.771469
-0.772143
-0.772821
-0.773505
-0.774193
-0.774885
-0.775583
-0.776285
-0.776992
-0.777704
-0.77842
-0.779142
-0.779867
-0.780598
-0.781333
-0.782073
-0.782817
-0.783566
-0.78432
-0.785078
-0.785841
-0.786609
-0.787381
-0.788158
-0.788939
-0.789725
-0.790515
-0.79131
-0.792109
-0.792913
-0.793722
-0.794534
-0.795352
-0.796173
-0.797
-0.79783
-0.798665
-0.799505
-0.800349
-0.801197
-0.802049
-0.802906
-0.803767
-0.804633
-0.805503
-0.806377
-0.807255
-0.808138
-0.809025
-0.809916
-0.810811
-0.811711
-0.812615
-0.813523
-0.814435
-0.815351
-0.816271
-0.817195
-0.818124
-0.819056
-0.819993
-0.820933
-0.821878
-0.822826
-0.823779
-0.824735
-0.825695
-0.82666
-0.827628
-0.8286
-0.829576
-0.830555
-0.831539
-0.832526
-0.833517
-0.834512
-0.83551
-0.836512
-0.837518
-0.838528
-0.839541
-0.840557
-0.841578
-0.842602
-0.843629
-0.84466
-0.845694
-0.846732
-0.847773
-0.848818
-0.849866
-0.850918
-0.851972
-0.853031
-0.854092
-0.855157
-0.856225
-0.857296
-0.85837
-0.859447
-0.860528
-0.861611
-0.862698
-0.863788
-0.864881
-0.865976
-0.867075
-0.868177
-0.869281
-0.870388
-0.871499
-0.872612
-0.873727
-0.874846
-0.875967
-0.877091
-0.878217
-0.879346
-0.880478
-0.881612
-0.882749
-0.883888
-0.88503
-0.886174
-0.88732
-0.888469
-0.88962
-0.890773
-0.891929
-0.893086
-0.894246
-0.895408
-0.896572
-0.897738
-0.898907
-0.900077
-0.901249
-0.902423
-0.903598
-0.904776
-0.905955
-0.907137
-0.908319
-0.909504
-0.91069
-0.911878
-0.913067
-0.914258
-0.91545
-0.916644
-0.917839
-0.919035
-0.920232
-0.921431
-0.922631
-0.923833
-0.925035
-0.926238
-0.927443
-0.928648
-0.929854
-0.931062
-0.93227
-0.933479
-0.934688
-0.935899
-0.93711
-0.938321
-0.939533
-0.940746
-0.941959
-0.943173
-0.944387
-0.945601
-0.946816
-0.948031
-0.949246
-0.950461
-0.951676
-0.952892
-0.954107
-0.955322
-0.956537
-0.957752
-0.958967
-0.960181
-0.961396
-0.962609
-0.963823
-0.965036
-0.966248
-0.96746
-0.968671
-0.969882
-0.971091
-0.9723
-0.973508
-0.974716
-0.975922
-0.977127
-0.978331
-0.979534
-0.980736
-0.981937
-0.983136
-0.984335
-0.985531
-0.986727
-0.98792
-0.989113
-0.990303
-0.991492
-0.992679
-0.993865
-0.995048
-0.99623
-0.99741
-0.998587
-0.999763
-1.00094
-1.00211
-1.00328
-1.00444
-1.00561
-1.00677
-1.00793
-1.00909
-1.01024
-1.01139
-1.01254
-1.01369
-1.01483
-1.01597
-1.01711
-1.01825
-1.01938
-1.02051
-1.02163
-1.02275
-1.02387
-1.02499
-1.0261
-1.02721
-1.02831
-1.02941
-1.03051
-1.03161
-1.0327
-1.03378
-1.03487
-1.03594
-1.03702
-1.03809
-1.03916
-1.04022
-1.04128
-1.04233
-1.04338
-1.04442
-1.04546
-1.0465
-1.04753
-1.04856
-1.04958
-1.0506
-1.05161
-1.05262
-1.05362
-1.05462
-1.05561
-1.0566
-1.05758
-1.05856
-1.05953
-1.0605
-1.06146
-1.06241
-1.06336
-1.06431
-1.06525
-1.06618
-1.06711
-1.06803
-1.06894
-1.06985
-1.07076
-1.07165
-1.07255
-1.07343
-1.07431
-1.07518
-1.07605
-1.07691
-1.07777
-1.07861
-1.07945
-1.08029
-1.08112
-1.08194
-1.08275
-1.08356
-1.08436
-1.08516
-1.08594
-1.08672
-1.0875
-1.08826
-1.08902
-1.08977
-1.09052
-1.09126
-1.09199
-1.09271
-1.09342
-1.09413
-1.09483
-1.09553
-1.09621
-1.09689
-1.09756
-1.09822
-1.09888
-1.09952
-1.10016
-1.10079
-1.10142
-1.10203
-1.10264
-1.10324
-1.10383
-1.10441
-1.10499
-1.10555
-1.10611
-1.10666
-1.1072
-1.10774
-1.10826
-1.10878
-1.10928
-1.10978
-1.11028
-1.11076
-1.11123
-1.1117
-1.11215
-1.1126
-1.11304
-1.11347
-1.11389
-1.11431
-1.11471
-1.11511
-1.11549
-1.11587
-1.11624
-1.1166
-1.11695
-1.11729
-1.11762
-1.11795
-1.11826
-1.11856
-1.11886
-1.11915
-1.11943
-1.11969
-1.11995
-1.1202
-1.12044
-1.12068
-1.1209
-1.12111
-1.12132
-1.12151
-1.1217
-1.12187
-1.12204
-1.12219
-1.12234
-1.12248
-1.12261
-1.12273
-1.12284
-1.12294
-1.12303
-1.12311
-1.12319
-1.12325
-1.1233
-1.12335
-1.12338
-1.12341
-1.12342
-1.12343
-1.12343
-1.12341
-1.12339
-1.12336
-1.12332
-1.12327
-1.12321
-1.12314
-1.12306
-1.12297
-1.12287
-1.12277
-1.12265
-1.12252
-1.12239
-1.12224
-1.12209
-1.12193
-1.12175
-1.12157
-1.12138
-1.12118
-1.12097
-1.12075
-1.12052
-1.12028
-1.12003
-1.11978
-1.11951
-1.11924
-1.11895
-1.11866
-1.11836
-1.11805
-1.11773
-1.1174
-1.11706
-1.11671
-1.11635
-1.11599
-1.11561
-1.11523
-1.11484
-1.11444
-1.11403
-1.11361
-1.11318
-1.11274
-1.1123
-1.11184
-1.11138
-1.11091
-1.11043
-1.10994
-1.10945
-1.10894
-1.10843
-1.1079
-1.10737
-1.10683
-1.10629
-1.10573
-1.10517
-1.10459
-1.10401
-1.10343
-1.10283
-1.10223
-1.10161
-1.10099
-1.10036
-1.09973
-1.09908
-1.09843
-1.09777
-1.0971
-1.09643
-1.09574
-1.09505
-1.09436
-1.09365
-1.09294
-1.09222
-1.09149
-1.09075
-1.09001
-1.08926
-1.08851
-1.08774
-1.08697
-1.08619
-1.08541
-1.08462
-1.08382
-1.08301
-1.0822
-1.08138
-1.08055
-1.07972
-1.07888
-1.07804
-1.07718
-1.07633
-1.07546
-1.07459
-1.07371
-1.07283
-1.07194
-1.07104
-1.07014
-1.06923
-1.06832
-1.0674
-1.06647
-1.06554
-1.06461
-1.06366
-1.06272
-1.06176
-1.0608
-1.05984
-1.05887
-1.05789
-1.05691
-1.05593
-1.05494
-1.05394
-1.05294
-1.05193
-1.05092
-1.04991
-1.04889
-1.04786
-1.04683
-1.0458
-1.04476
-1.04371
-1.04267
-1.04161
-1.04056
-1.0395
-1.03843
-1.03736
-1.03629
-1.03521
-1.03413
-1.03304
-1.03195
-1.03086
-1.02976
-1.02866
-1.02756
-1.02645
-1.02534
-1.02423
-1.02311
-1.02199
-1.02086
-1.01974
-1.01861
-1.01747
-1.01634
-1.0152
-1.01405
-1.01291
-1.01176
-1.01061
-1.00946
-1.0083
-1.00714
-1.00598
-1.00482
-1.00365
-1.00248
-1.00131
-1.00014
-0.998963
-0.997785
-0.996606
-0.995425
-0.994242
-0.993058
-0.991871
-0.990683
-0.989492
-0.988301
-0.987107
-0.985913
-0.984716
-0.983519
-0.98232
-0.981119
-0.979918
-0.978715
-0.977511
-0.976306
-0.9751
-0.973894
-0.972686
-0.971477
-0.970267
-0.969057
-0.967846
-0.966635
-0.965422
-0.96421
-0.962996
-0.961783
-0.960569
-0.959354
-0.95814
-0.956925
-0.95571
-0.954495
-0.953279
-0.952064
-0.950849
-0.949633
-0.948418
-0.947203
-0.945989
-0.944774
-0.94356
-0.942346
-0.941133
-0.93992
-0.938708
-0.937496
-0.936285
-0.935074
-0.933864
-0.932655
-0.931447
-0.930239
-0.929033
-0.927827
-0.926622
-0.925419
-0.924216
-0.923014
-0.921814
-0.920615
-0.919417
-0.91822
-0.917025
-0.91583
-0.914638
-0.913447
-0.912257
-0.911069
-0.909882
-0.908697
-0.907514
-0.906332
-0.905152
-0.903974
-0.902797
-0.901623
-0.90045
-0.89928
-0.898111
-0.896944
-0.895779
-0.894617
-0.893456
-0.892298
-0.891141
-0.889987
-0.888836
-0.887686
-0.886539
-0.885394
-0.884252
-0.883112
-0.881974
-0.880839
-0.879707
-0.878577
-0.87745
-0.876325
-0.875203
-0.874084
-0.872967
-0.871853
-0.870742
-0.869634
-0.868529
-0.867426
-0.866326
-0.86523
-0.864136
-0.863045
-0.861958
-0.860873
-0.859792
-0.858713
-0.857638
-0.856566
-0.855497
-0.854431
-0.853369
-0.85231
-0.851254
-0.850201
-0.849152
-0.848106
-0.847064
-0.846025
-0.844989
-0.843957
-0.842929
-0.841904
-0.840882
-0.839865
-0.83885
-0.83784
-0.836833
-0.835829
-0.83483
-0.833834
-0.832842
-0.831853
-0.830868
-0.829888
-0.82891
-0.827937
-0.826968
-0.826002
-0.825041
-0.824083
-0.823129
-0.82218
-0.821234
-0.820292
-0.819354
-0.818421
-0.817491
-0.816565
-0.815644
-0.814726
-0.813813
-0.812904
-0.811999
-0.811098
-0.810201
-0.809309
-0.80842
-0.807536
-0.806657
-0.805781
-0.80491
-0.804043
-0.80318
-0.802322
-0.801468
-0.800619
-0.799773
-0.798933
-0.798096
-0.797264
-0.796436
-0.795613
-0.794795
-0.79398
-0.79317
-0.792365
-0.791564
-0.790768
-0.789976
-0.789189
-0.788406
-0.787628
-0.786855
-0.786086
-0.785321
-0.784561
-0.783806
-0.783056
-0.78231
-0.781568
-0.780832
-0.7801
-0.779373
-0.77865
-0.777932
-0.777219
-0.77651
-0.775806
-0.775107
-0.774413
-0.773723
-0.773039
-0.772359
-0.771683
-0.771013
-0.770347
-0.769686
-0.76903
-0.768378
-0.767732
-0.76709
-0.766453
-0.765821
-0.765194
-0.764572
-0.763954
-0.763342
-0.762734
-0.762131
-0.761533
-0.76094
-0.760352
-0.759768
-0.75919
-0.758617
-0.758048
-0.757484
-0.756926
-0.756372
-0.755823
-0.755279
-0.75474
-0.754206
-0.753677
-0.753153
-0.752634
-0.75212
-0.751611
-0.751107
-0.750608
-0.750113
-0.749624
-0.74914
-0.748661
-0.748187
-0.747717
-0.747253
-0.746794
-0.74634
-0.745891
-0.745447
-0.745008
-0.744574
-0.744145
-0.743721
-0.743302
-0.742889
-0.74248
-0.742076
-0.741677
-0.741284
-0.740895
-0.740512
-0.740134
-0.73976
-0.739392
-0.739029
-0.738671
-0.738318
-0.73797
-0.737627
-0.737289
-0.736957
-0.736629
-0.736307
-0.735989
-0.735677
-0.73537
-0.735068
-0.734771
-0.734479
-0.734192
-0.733911
-0.733634
-0.733363
-0.733096
-0.732835
-0.732579
-0.732328
-0.732082
-0.731842
-0.731606
-0.731376
-0.73115
-0.73093
-0.730715
-0.730505
-0.7303
-0.730101
-0.729906
-0.729717
-0.729532
-0.729353
-0.729179
-0.72901
-0.728847
-0.728688
-0.728534
-0.728386
-0.728243
-0.728105
-0.727972
-0.727844
-0.727722
-0.727604
-0.727492
-0.727385
-0.727283
-0.727186
-0.727094
-0.727007
-0.726926
-0.72685
-0.726778
-0.726712
-0.726652
-0.726596
-0.726545
-0.7265
-0.72646
-0.726424
-0.726394
-0.72637
-0.72635
-0.726335
-0.726326
-0.726322
-0.726323
-0.726329
-0.72634
-0.726356
-0.726378
-0.726405
-0.726437
-0.726474
-0.726516
-0.726563
-0.726615
-0.726673
-0.726736
-0.726804
-0.726877
-0.726955
-0.727038
-0.727127
-0.72722
-0.727319
-0.727423
-0.727532
-0.727646
-0.727765
-0.72789
-0.72802
-0.728154
-0.728294
-0.728439
-0.728589
-0.728745
-0.728905
-0.729071
-0.729242
-0.729417
-0.729598
-0.729785
-0.729976
-0.730172
-0.730374
-0.730581
-0.730792
-0.731009
-0.731231
-0.731459
-0.731691
-0.731928
-0.732171
-0.732419
-0.732671
-0.732929
-0.733192
-0.73346
-0.733734
-0.734012
-0.734296
-0.734584
-0.734878
-0.735177
-0.735481
-0.73579
-0.736104
-0.736423
-0.736747
-0.737077
-0.737411
-0.737751
-0.738095
-0.738445
-0.7388
-0.73916
-0.739525
-0.739895
-0.74027
-0.74065
-0.741035
-0.741426
-0.741821
-0.742222
-0.742627
-0.743038
-0.743453
-0.743874
-0.7443
-0.744731
-0.745166
-0.745607
-0.746053
-0.746504
-0.74696
-0.747421
-0.747887
-0.748358
-0.748834
-0.749315
-0.749801
-0.750292
-0.750788
-0.751289
-0.751795
-0.752306
-0.752821
-0.753342
-0.753868
-0.754399
-0.754935
-0.755476
-0.756021
-0.756572
-0.757127
-0.757688
-0.758253
-0.758824
-0.759399
-0.759979
-0.760564
-0.761154
-0.761749
-0.762349
-0.762953
-0.763563
-0.764177
-0.764797
-0.765421
-0.76605
-0.766683
-0.767322
-0.767965
-0.768614
-0.769267
-0.769925
-0.770587
-0.771255
-0.771927
-0.772604
-0.773286
-0.773973
-0.774664
-0.77536
-0.776061
-0.776766
-0.777476
-0.778191
-0.778911
-0.779635
-0.780364
-0.781098
-0.781836
-0.782579
-0.783327
-0.784079
-0.784836
-0.785597
-0.786364
-0.787134
-0.787909
-0.788689
-0.789474
-0.790262
-0.791056
-0.791854
-0.792656
-0.793463
-0.794275
-0.79509
-0.795911
-0.796736
-0.797565
-0.798398
-0.799236
-0.800079
-0.800926
-0.801777
-0.802632
-0.803492
-0.804356
-0.805225
-0.806098
-0.806975
-0.807856
-0.808742
-0.809631
-0.810525
-0.811424
-0.812326
-0.813232
-0.814143
-0.815058
-0.815977
-0.8169
-0.817827
-0.818758
-0.819693
-0.820633
-0.821576
-0.822523
-0.823474
-0.824429
-0.825389
-0.826352
-0.827318
-0.828289
-0.829264
-0.830242
-0.831224
-0.832211
-0.8332
-0.834194
-0.835191
-0.836192
-0.837197
-0.838205
-0.839217
-0.840233
-0.841252
-0.842275
-0.843301
-0.844331
-0.845364
-0.846401
-0.847441
-0.848484
-0.849531
-0.850582
-0.851636
-0.852693
-0.853753
-0.854817
-0.855883
-0.856954
-0.858027
-0.859103
-0.860183
-0.861265
-0.862351
-0.86344
-0.864532
-0.865626
-0.866724
-0.867825
-0.868928
-0.870035
-0.871144
-0.872256
-0.873371
-0.874489
-0.875609
-0.876732
-0.877858
-0.878986
-0.880117
-0.88125
-0.882386
-0.883524
-0.884665
-0.885808
-0.886954
-0.888102
-0.889252
-0.890405
-0.89156
-0.892717
-0.893876
-0.895037
-0.896201
-0.897366
-0.898534
-0.899703
-0.900875
-0.902048
-0.903223
-0.9044
-0.905579
-0.90676
-0.907942
-0.909126
-0.910311
-0.911499
-0.912687
-0.913878
-0.915069
-0.916263
-0.917457
-0.918653
-0.91985
-0.921049
-0.922248
-0.923449
-0.924651
-0.925854
-0.927058
-0.928263
-0.929469
-0.930676
-0.931884
-0.933093
-0.934302
-0.935512
-0.936723
-0.937935
-0.939147
-0.940359
-0.941572
-0.942786
-0.944
-0.945214
-0.946428
-0.947643
-0.948858
-0.950073
-0.951289
-0.952504
-0.953719
-0.954934
-0.95615
-0.957365
-0.958579
-0.959794
-0.961008
-0.962222
-0.963436
-0.964649
-0.965861
-0.967073
-0.968285
-0.969495
-0.970705
-0.971915
-0.973123
-0.974331
-0.975537
-0.976743
-0.977947
-0.979151
-0.980353
-0.981554
-0.982754
-0.983953
-0.98515
-0.986345
-0.98754
-0.988732
-0.989923
-0.991113
-0.992301
-0.993487
-0.994671
-0.995853
-0.997033
-0.998212
-0.999388
-1.00056
-1.00173
-1.0029
-1.00407
-1.00524
-1.0064
-1.00756
-1.00872
-1.00987
-1.01103
-1.01218
-1.01332
-1.01447
-1.01561
-1.01675
-1.01788
-1.01902
-1.02015
-1.02127
-1.0224
-1.02351
-1.02463
-1.02574
-1.02685
-1.02796
-1.02906
-1.03016
-1.03126
-1.03235
-1.03344
-1.03452
-1.0356
-1.03668
-1.03775
-1.03882
-1.03988
-1.04094
-1.04199
-1.04305
-1.04409
-1.04513
-1.04617
-1.0472
-1.04823
-1.04926
-1.05027
-1.05129
-1.0523
-1.0533
-1.0543
-1.05529
-1.05628
-1.05727
-1.05825
-1.05922
-1.06019
-1.06115
-1.06211
-1.06306
-1.06401
-1.06495
-1.06588
-1.06681
-1.06773
-1.06865
-1.06956
-1.07047
-1.07137
-1.07226
-1.07315
-1.07403
-1.07491
-1.07577
-1.07664
-1.07749
-1.07834
-1.07919
-1.08002
-1.08085
-1.08168
-1.08249
-1.0833
-1.08411
-1.0849
-1.08569
-1.08647
-1.08725
-1.08802
-1.08878
-1.08953
-1.09028
-1.09102
-1.09175
-1.09248
-1.0932
-1.09391
-1.09461
-1.09531
-1.09599
-1.09667
-1.09735
-1.09801
-1.09867
-1.09932
-1.09996
-1.10059
-1.10122
-1.10184
-1.10244
-1.10305
-1.10364
-1.10423
-1.1048
-1.10537
-1.10593
-1.10649
-1.10703
-1.10757
-1.10809
-1.10861
-1.10912
-1.10963
-1.11012
-1.11061
-1.11108
-1.11155
-1.11201
-1.11246
-1.1129
-1.11334
-1.11376
-1.11418
-1.11458
-1.11498
-1.11537
-1.11575
-1.11612
-1.11648
-1.11684
-1.11718
-1.11752
-1.11784
-1.11816
-1.11847
-1.11877
-1.11906
-1.11934
-1.11961
-1.11987
-1.12012
-1.12037
-1.1206
-1.12083
-1.12104
-1.12125
-1.12145
-1.12164
-1.12182
-1.12199
-1.12215
-1.1223
-1.12244
-1.12257
-1.12269
-1.12281
-1.12291
-1.123
-1.12309
-1.12316
-1.12323
-1.12329
-1.12333
-1.12337
-1.1234
-1.12342
-1.12343
-1.12343
-1.12342
-1.1234
-1.12337
-1.12333
-1.12328
-1.12323
-1.12316
-1.12309
-1.123
-1.12291
-1.1228
-1.12269
-1.12256
-1.12243
-1.12229
-1.12214
-1.12198
-1.12181
-1.12163
-1.12144
-1.12124
-1.12104
-1.12082
-1.12059
-1.12036
-1.12011
-1.11986
-1.1196
-1.11933
-1.11904
-1.11875
-1.11846
-1.11815
-1.11783
-1.1175
-1.11717
-1.11682
-1.11647
-1.11611
-1.11573
-1.11535
-1.11496
-1.11457
-1.11416
-1.11374
-1.11332
-1.11288
-1.11244
-1.11199
-1.11153
-1.11106
-1.11058
-1.1101
-1.1096
-1.1091
-1.10859
-1.10807
-1.10754
-1.10701
-1.10646
-1.10591
-1.10535
-1.10478
-1.1042
-1.10361
-1.10302
-1.10242
-1.10181
-1.10119
-1.10056
-1.09993
-1.09929
-1.09864
-1.09798
-1.09732
-1.09664
-1.09596
-1.09528
-1.09458
-1.09388
-1.09317
-1.09245
-1.09172
-1.09099
-1.09025
-1.0895
-1.08875
-1.08799
-1.08722
-1.08644
-1.08566
-1.08487
-1.08407
-1.08327
-1.08246
-1.08164
-1.08082
-1.07999
-1.07915
-1.07831
-1.07746
-1.0766
-1.07574
-1.07487
-1.07399
-1.07311
-1.07222
-1.07133
-1.07043
-1.06952
-1.06861
-1.06769
-1.06677
-1.06584
-1.06491
-1.06397
-1.06302
-1.06207
-1.06111
-1.06015
-1.05918
-1.0582
-1.05723
-1.05624
-1.05525
-1.05426
-1.05326
-1.05225
-1.05124
-1.05023
-1.04921
-1.04819
-1.04716
-1.04613
-1.04509
-1.04405
-1.043
-1.04195
-1.04089
-1.03983
-1.03877
-1.0377
-1.03663
-1.03555
-1.03447
-1.03339
-1.0323
-1.03121
-1.03012
-1.02902
-1.02791
-1.02681
-1.0257
-1.02458
-1.02347
-1.02235
-1.02122
-1.0201
-1.01897
-1.01783
-1.0167
-1.01556
-1.01442
-1.01327
-1.01213
-1.01098
-1.00982
-1.00867
-1.00751
-1.00635
-1.00519
-1.00402
-1.00285
-1.00168
-1.00051
-0.999338
-0.998161
-0.996983
-0.995802
-0.99462
-0.993436
-0.99225
-0.991062
-0.989872
-0.988681
-0.987488
-0.986294
-0.985098
-0.983901
-0.982703
-0.981503
-0.980301
-0.979099
-0.977896
-0.976691
-0.975485
-0.974279
-0.973071
-0.971863
-0.970654
-0.969443
-0.968233
-0.967021
-0.965809
-0.964597
-0.963384
-0.96217
-0.960956
-0.959742
-0.958527
-0.957313
-0.956098
-0.954882
-0.953667
-0.952452
-0.951236
-0.950021
-0.948806
-0.947591
-0.946376
-0.945162
-0.943948
-0.942734
-0.94152
-0.940307
-0.939095
-0.937883
-0.936671
-0.93546
-0.93425
-0.933041
-0.931832
-0.930625
-0.929418
-0.928212
-0.927007
-0.925803
-0.9246
-0.923398
-0.922197
-0.920997
-0.919799
-0.918602
-0.917406
-0.916211
-0.915018
-0.913827
-0.912636
-0.911448
-0.910261
-0.909075
-0.907891
-0.906709
-0.905528
-0.90435
-0.903173
-0.901998
-0.900824
-0.899653
-0.898484
-0.897316
-0.896151
-0.894987
-0.893826
-0.892667
-0.89151
-0.890355
-0.889203
-0.888053
-0.886905
-0.885759
-0.884616
-0.883475
-0.882337
-0.881201
-0.880068
-0.878937
-0.877809
-0.876684
-0.875561
-0.874441
-0.873323
-0.872208
-0.871096
-0.869987
-0.868881
-0.867778
-0.866677
-0.865579
-0.864485
-0.863393
-0.862305
-0.861219
-0.860136
-0.859057
-0.857981
-0.856908
-0.855838
-0.854771
-0.853707
-0.852647
-0.85159
-0.850537
-0.849487
-0.84844
-0.847396
-0.846356
-0.84532
-0.844286
-0.843257
-0.842231
-0.841208
-0.840189
-0.839174
-0.838162
-0.837154
-0.836149
-0.835148
-0.834151
-0.833158
-0.832168
-0.831182
-0.8302
-0.829222
-0.828248
-0.827277
-0.82631
-0.825347
-0.824388
-0.823433
-0.822482
-0.821535
-0.820592
-0.819653
-0.818718
-0.817787
-0.81686
-0.815937
-0.815019
-0.814104
-0.813194
-0.812287
-0.811385
-0.810487
-0.809593
-0.808704
-0.807818
-0.806937
-0.80606
-0.805188
-0.804319
-0.803455
-0.802596
-0.80174
-0.800889
-0.800043
-0.7992
-0.798363
-0.797529
-0.7967
-0.795876
-0.795055
-0.79424
-0.793428
-0.792622
-0.79182
-0.791022
-0.790229
-0.78944
-0.788656
-0.787876
-0.787101
-0.786331
-0.785565
-0.784803
-0.784047
-0.783295
-0.782547
-0.781805
-0.781066
-0.780333
-0.779604
-0.77888
-0.778161
-0.777446
-0.776736
-0.776031
-0.77533
-0.774634
-0.773943
-0.773257
-0.772575
-0.771898
-0.771226
-0.770559
-0.769896
-0.769239
-0.768586
-0.767938
-0.767295
-0.766656
-0.766023
-0.765394
-0.76477
-0.764151
-0.763537
-0.762927
-0.762323
-0.761724
-0.761129
-0.760539
-0.759954
-0.759374
-0.758799
-0.758229
-0.757664
-0.757104
-0.756548
-0.755998
-0.755452
-0.754912
-0.754376
-0.753846
-0.75332
-0.752799
-0.752284
-0.751773
-0.751267
-0.750766
-0.750271
-0.74978
-0.749294
-0.748813
-0.748338
-0.747867
-0.747401
-0.74694
-0.746485
-0.746034
-0.745588
-0.745148
-0.744712
-0.744282
-0.743856
-0.743436
-0.74302
-0.74261
-0.742205
-0.741804
-0.741409
-0.741019
-0.740634
-0.740254
-0.739879
-0.739509
-0.739144
-0.738785
-0.73843
-0.738081
-0.737736
-0.737397
-0.737062
-0.736733
-0.736409
-0.73609
-0.735776
-0.735468
-0.735164
-0.734865
-0.734572
-0.734283
-0.734
-0.733722
-0.733449
-0.733181
-0.732918
-0.732661
-0.732408
-0.73216
-0.731918
-0.731681
-0.731449
-0.731222
-0.731
-0.730783
-0.730572
-0.730365
-0.730164
-0.729968
-0.729777
-0.729591
-0.72941
-0.729234
-0.729064
-0.728898
-0.728738
-0.728583
-0.728433
-0.728288
-0.728149
-0.728014
-0.727885
-0.72776
-0.727641
-0.727527
-0.727418
-0.727315
-0.727216
-0.727123
-0.727035
-0.726951
-0.726873
-0.726801
-0.726733
-0.726671
-0.726613
-0.726561
-0.726514
-0.726472
-0.726435
-0.726404
-0.726377
-0.726356
-0.72634
-0.726329
-0.726323
-0.726322
-0.726327
-0.726336
-0.726351
-0.726371
-0.726396
-0.726426
-0.726461
-0.726502
-0.726547
-0.726598
-0.726654
-0.726715
-0.726781
-0.726853
-0.726929
-0.727011
-0.727098
-0.72719
-0.727287
-0.727389
-0.727497
-0.727609
-0.727727
-0.72785
-0.727978
-0.728111
-0.728249
-0.728393
-0.728541
-0.728695
-0.728854
-0.729018
-0.729187
-0.729361
-0.72954
-0.729725
-0.729914
-0.730109
-0.730309
-0.730514
-0.730724
-0.73094
-0.73116
-0.731386
-0.731616
-0.731852
-0.732093
-0.732339
-0.73259
-0.732847
-0.733108
-0.733374
-0.733646
-0.733923
-0.734205
-0.734492
-0.734784
-0.735081
-0.735383
-0.735691
-0.736003
-0.736321
-0.736643
-0.736971
-0.737304
-0.737642
-0.737985
-0.738333
-0.738686
-0.739045
-0.739408
-0.739776
-0.74015
-0.740528
-0.740912
-0.741301
-0.741695
-0.742094
-0.742497
-0.742906
-0.74332
-0.743739
-0.744164
-0.744593
-0.745027
-0.745466
-0.74591
-0.74636
-0.746814
-0.747273
-0.747738
-0.748207
-0.748681
-0.749161
-0.749645
-0.750135
-0.750629
-0.751128
-0.751633
-0.752142
-0.752656
-0.753176
-0.7537
-0.754229
-0.754763
-0.755303
-0.755847
-0.756396
-0.75695
-0.757509
-0.758073
-0.758641
-0.759215
-0.759794
-0.760377
-0.760966
-0.761559
-0.762157
-0.76276
-0.763368
-0.763981
-0.764599
-0.765221
-0.765849
-0.766481
-0.767118
-0.76776
-0.768407
-0.769058
-0.769714
-0.770376
-0.771042
-0.771712
-0.772388
-0.773068
-0.773753
-0.774443
-0.775137
-0.775837
-0.776541
-0.777249
-0.777963
-0.778681
-0.779404
-0.780131
-0.780864
-0.7816
-0.782342
-0.783088
-0.783839
-0.784594
-0.785354
-0.786119
-0.786888
-0.787662
-0.78844
-0.789223
-0.79001
-0.790802
-0.791599
-0.7924
-0.793205
-0.794015
-0.79483
-0.795649
-0.796472
-0.7973
-0.798132
-0.798969
-0.79981
-0.800655
-0.801505
-0.802359
-0.803218
-0.80408
-0.804947
-0.805819
-0.806695
-0.807575
-0.808459
-0.809347
-0.81024
-0.811137
-0.812038
-0.812943
-0.813852
-0.814766
-0.815683
-0.816605
-0.817531
-0.818461
-0.819395
-0.820333
-0.821275
-0.822221
-0.823171
-0.824124
-0.825082
-0.826044
-0.82701
-0.827979
-0.828953
-0.82993
-0.830911
-0.831896
-0.832884
-0.833877
-0.834873
-0.835873
-0.836876
-0.837883
-0.838894
-0.839908
-0.840926
-0.841948
-0.842973
-0.844002
-0.845034
-0.84607
-0.847109
-0.848151
-0.849197
-0.850247
-0.851299
-0.852355
-0.853415
-0.854477
-0.855543
-0.856612
-0.857684
-0.85876
-0.859838
-0.86092
-0.862005
-0.863092
-0.864183
-0.865277
-0.866374
-0.867474
-0.868576
-0.869682
-0.87079
-0.871901
-0.873015
-0.874132
-0.875251
-0.876373
-0.877498
-0.878626
-0.879756
-0.880888
-0.882023
-0.883161
-0.884301
-0.885444
-0.886588
-0.887736
-0.888885
-0.890037
-0.891191
-0.892348
-0.893506
-0.894667
-0.895829
-0.896994
-0.898161
-0.89933
-0.900501
-0.901674
-0.902848
-0.904025
-0.905203
-0.906383
-0.907565
-0.908748
-0.909933
-0.91112
-0.912308
-0.913498
-0.914689
-0.915882
-0.917076
-0.918272
-0.919468
-0.920666
-0.921866
-0.923066
-0.924268
-0.92547
-0.926674
-0.927879
-0.929085
-0.930291
-0.931499
-0.932707
-0.933916
-0.935126
-0.936337
-0.937548
-0.93876
-0.939972
-0.941185
-0.942399
-0.943612
-0.944827
-0.946041
-0.947256
-0.948471
-0.949686
-0.950901
-0.952116
-0.953332
-0.954547
-0.955762
-0.956977
-0.958192
-0.959407
-0.960621
-0.961835
-0.963049
-0.964262
-0.965475
-0.966687
-0.967898
-0.969109
-0.97032
-0.971529
-0.972738
-0.973946
-0.975152
-0.976358
-0.977563
-0.978767
-0.97997
-0.981171
-0.982372
-0.98357
-0.984768
-0.985964
-0.987159
-0.988352
-0.989544
-0.990734
-0.991922
-0.993109
-0.994293
-0.995476
-0.996657
-0.997836
-0.999013
-1.00019
-1.00136
-1.00253
-1.0037
-1.00487
-1.00603
-1.00719
-1.00835
-1.00951
-1.01066
-1.01181
-1.01296
-1.0141
-1.01525
-1.01639
-1.01752
-1.01866
-1.01979
-1.02091
-1.02204
-1.02316
-1.02428
-1.02539
-1.0265
-1.02761
-1.02871
-1.02981
-1.03091
-1.032
-1.03309
-1.03418
-1.03526
-1.03633
-1.03741
-1.03848
-1.03954
-1.0406
-1.04166
-1.04271
-1.04376
-1.0448
-1.04584
-1.04687
-1.0479
-1.04893
-1.04995
-1.05097
-1.05198
-1.05298
-1.05398
-1.05498
-1.05597
-1.05695
-1.05793
-1.05891
-1.05988
-1.06084
-1.0618
-1.06276
-1.0637
-1.06465
-1.06558
-1.06651
-1.06744
-1.06836
-1.06927
-1.07018
-1.07108
-1.07198
-1.07287
-1.07375
-1.07463
-1.0755
-1.07636
-1.07722
-1.07807
-1.07892
-1.07976
-1.08059
-1.08141
-1.08223
-1.08305
-1.08385
-1.08465
-1.08544
-1.08623
-1.087
-1.08777
-1.08854
-1.08929
-1.09004
-1.09079
-1.09152
-1.09225
-1.09297
-1.09368
-1.09439
-1.09508
-1.09577
-1.09646
-1.09713
-1.0978
-1.09846
-1.09911
-1.09975
-1.10039
-1.10102
-1.10164
-1.10225
-1.10286
-1.10345
-1.10404
-1.10462
-1.10519
-1.10576
-1.10631
-1.10686
-1.1074
-1.10793
-1.10845
-1.10896
-1.10947
-1.10996
-1.11045
-1.11093
-1.1114
-1.11186
-1.11232
-1.11276
-1.1132
-1.11363
-1.11404
-1.11445
-1.11485
-1.11525
-1.11563
-1.116
-1.11637
-1.11673
-1.11707
-1.11741
-1.11774
-1.11806
-1.11837
-1.11867
-1.11897
-1.11925
-1.11952
-1.11979
-1.12005
-1.12029
-1.12053
-1.12076
-1.12098
-1.12119
-1.12139
-1.12158
-1.12176
-1.12193
-1.1221
-1.12225
-1.12239
-1.12253
-1.12265
-1.12277
-1.12288
-1.12297
-1.12306
-1.12314
-1.12321
-1.12327
-1.12332
-1.12336
-1.12339
-1.12341
-1.12343
-1.12343
-1.12342
-1.12341
-1.12338
-1.12334
-1.1233
-1.12325
-1.12318
-1.12311
-1.12303
-1.12294
-1.12284
-1.12272
-1.1226
-1.12248
-1.12234
-1.12219
-1.12203
-1.12186
-1.12169
-1.1215
-1.12131
-1.1211
-1.12089
-1.12067
-1.12043
-1.12019
-1.11994
-1.11968
-1.11941
-1.11914
-1.11885
-1.11855
-1.11825
-1.11793
-1.11761
-1.11727
-1.11693
-1.11658
-1.11622
-1.11585
-1.11548
-1.11509
-1.11469
-1.11429
-1.11388
-1.11345
-1.11302
-1.11258
-1.11213
-1.11168
-1.11121
-1.11074
-1.11025
-1.10976
-1.10926
-1.10875
-1.10824
-1.10771
-1.10718
-1.10664
-1.10609
-1.10553
-1.10496
-1.10439
-1.1038
-1.10321
-1.10261
-1.102
-1.10139
-1.10077
-1.10013
-1.09949
-1.09885
-1.09819
-1.09753
-1.09686
-1.09618
-1.0955
-1.0948
-1.0941
-1.09339
-1.09268
-1.09195
-1.09122
-1.09049
-1.08974
-1.08899
-1.08823
-1.08746
-1.08669
-1.08591
-1.08512
-1.08433
-1.08353
-1.08272
-1.0819
-1.08108
-1.08025
-1.07942
-1.07858
-1.07773
-1.07687
-1.07601
-1.07515
-1.07427
-1.07339
-1.07251
-1.07162
-1.07072
-1.06981
-1.0689
-1.06799
-1.06707
-1.06614
-1.0652
-1.06427
-1.06332
-1.06237
-1.06142
-1.06045
-1.05949
-1.05852
-1.05754
-1.05656
-1.05557
-1.05458
-1.05358
-1.05257
-1.05157
-1.05055
-1.04954
-1.04851
-1.04749
-1.04646
-1.04542
-1.04438
-1.04333
-1.04228
-1.04123
-1.04017
-1.03911
-1.03804
-1.03697
-1.0359
-1.03482
-1.03374
-1.03265
-1.03156
-1.03046
-1.02937
-1.02827
-1.02716
-1.02605
-1.02494
-1.02382
-1.0227
-1.02158
-1.02046
-1.01933
-1.0182
-1.01706
-1.01592
-1.01478
-1.01364
-1.01249
-1.01134
-1.01019
-1.00904
-1.00788
-1.00672
-1.00556
-1.00439
-1.00323
-1.00206
-1.00089
-0.999712
-0.998537
-0.997359
-0.996179
-0.994997
-0.993813
-0.992628
-0.991441
-0.990252
-0.989061
-0.987869
-0.986675
-0.98548
-0.984283
-0.983085
-0.981885
-0.980684
-0.979482
-0.978279
-0.977075
-0.97587
-0.974663
-0.973456
-0.972248
-0.971039
-0.969829
-0.968619
-0.967408
-0.966196
-0.964983
-0.96377
-0.962557
-0.961343
-0.960129
-0.958915
-0.9577
-0.956485
-0.95527
-0.954054
-0.952839
-0.951624
-0.950409
-0.949193
-0.947978
-0.946763
-0.945549
-0.944335
-0.943121
-0.941907
-0.940694
-0.939481
-0.938269
-0.937057
-0.935846
-0.934636
-0.933426
-0.932217
-0.931009
-0.929802
-0.928596
-0.927391
-0.926186
-0.924983
-0.923781
-0.922579
-0.921379
-0.920181
-0.918983
-0.917787
-0.916592
-0.915398
-0.914206
-0.913016
-0.911826
-0.910639
-0.909453
-0.908268
-0.907086
-0.905904
-0.904725
-0.903548
-0.902372
-0.901198
-0.900026
-0.898856
-0.897688
-0.896522
-0.895358
-0.894196
-0.893036
-0.891879
-0.890723
-0.88957
-0.888419
-0.88727
-0.886124
-0.88498
-0.883839
-0.8827
-0.881563
-0.880429
-0.879297
-0.878168
-0.877042
-0.875918
-0.874797
-0.873679
-0.872563
-0.87145
-0.87034
-0.869233
-0.868129
-0.867027
-0.865929
-0.864833
-0.863741
-0.862651
-0.861565
-0.860481
-0.859401
-0.858323
-0.857249
-0.856178
-0.855111
-0.854046
-0.852985
-0.851927
-0.850872
-0.849821
-0.848773
-0.847728
-0.846687
-0.845649
-0.844615
-0.843584
-0.842557
-0.841533
-0.840513
-0.839497
-0.838484
-0.837474
-0.836469
-0.835467
-0.834469
-0.833474
-0.832483
-0.831496
-0.830513
-0.829533
-0.828558
-0.827586
-0.826618
-0.825654
-0.824694
-0.823737
-0.822785
-0.821837
-0.820892
-0.819952
-0.819016
-0.818083
-0.817155
-0.816231
-0.815311
-0.814395
-0.813483
-0.812575
-0.811672
-0.810773
-0.809877
-0.808986
-0.8081
-0.807217
-0.806339
-0.805465
-0.804595
-0.80373
-0.802869
-0.802012
-0.80116
-0.800312
-0.799468
-0.798629
-0.797794
-0.796964
-0.796138
-0.795316
-0.794499
-0.793686
-0.792878
-0.792075
-0.791275
-0.790481
-0.789691
-0.788905
-0.788124
-0.787347
-0.786576
-0.785808
-0.785045
-0.784287
-0.783534
-0.782785
-0.782041
-0.781301
-0.780566
-0.779836
-0.77911
-0.778389
-0.777673
-0.776962
-0.776255
-0.775553
-0.774855
-0.774163
-0.773475
-0.772792
-0.772113
-0.77144
-0.770771
-0.770107
-0.769448
-0.768793
-0.768144
-0.767499
-0.766859
-0.766224
-0.765594
-0.764968
-0.764348
-0.763732
-0.763121
-0.762515
-0.761914
-0.761318
-0.760726
-0.76014
-0.759558
-0.758982
-0.75841
-0.757843
-0.757281
-0.756724
-0.756172
-0.755625
-0.755083
-0.754546
-0.754014
-0.753487
-0.752965
-0.752447
-0.751935
-0.751428
-0.750925
-0.750428
-0.749936
-0.749448
-0.748966
-0.748488
-0.748016
-0.747549
-0.747086
-0.746629
-0.746177
-0.74573
-0.745287
-0.74485
-0.744418
-0.743991
-0.743569
-0.743152
-0.74274
-0.742333
-0.741931
-0.741534
-0.741142
-0.740756
-0.740374
-0.739998
-0.739626
-0.73926
-0.738899
-0.738542
-0.738191
-0.737845
-0.737504
-0.737168
-0.736837
-0.736512
-0.736191
-0.735876
-0.735565
-0.73526
-0.73496
-0.734665
-0.734375
-0.73409
-0.73381
-0.733535
-0.733266
-0.733001
-0.732742
-0.732488
-0.732239
-0.731995
-0.731756
-0.731522
-0.731293
-0.73107
-0.730852
-0.730638
-0.73043
-0.730227
-0.730029
-0.729837
-0.729649
-0.729467
-0.729289
-0.729117
-0.72895
-0.728788
-0.728632
-0.72848
-0.728334
-0.728192
-0.728056
-0.727925
-0.727799
-0.727678
-0.727563
-0.727452
-0.727347
-0.727247
-0.727152
-0.727062
-0.726977
-0.726897
-0.726823
-0.726754
-0.72669
-0.726631
-0.726577
-0.726528
-0.726484
-0.726446
-0.726413
-0.726385
-0.726362
-0.726344
-0.726331
-0.726324
-0.726321
-0.726324
-0.726332
-0.726345
-0.726364
-0.726387
-0.726415
-0.726449
-0.726488
-0.726532
-0.726581
-0.726635
-0.726695
-0.72676
-0.726829
-0.726904
-0.726984
-0.727069
-0.72716
-0.727255
-0.727356
-0.727462
-0.727572
-0.727689
-0.72781
-0.727936
-0.728068
-0.728204
-0.728346
-0.728493
-0.728645
-0.728802
-0.728964
-0.729132
-0.729305
-0.729482
-0.729665
-0.729853
-0.730046
-0.730245
-0.730448
-0.730657
-0.73087
-0.731089
-0.731313
-0.731542
-0.731776
-0.732015
-0.73226
-0.732509
-0.732764
-0.733024
-0.733289
-0.733559
-0.733834
-0.734114
-0.734399
-0.73469
-0.734985
-0.735286
-0.735592
-0.735903
-0.736219
-0.73654
-0.736866
-0.737197
-0.737533
-0.737875
-0.738221
-0.738573
-0.738929
-0.739291
-0.739658
-0.74003
-0.740407
-0.740789
-0.741176
-0.741568
-0.741965
-0.742368
-0.742775
-0.743188
-0.743605
-0.744027
-0.744455
-0.744888
-0.745325
-0.745768
-0.746216
-0.746668
-0.747126
-0.747589
-0.748057
-0.748529
-0.749007
-0.74949
-0.749978
-0.750471
-0.750968
-0.751471
-0.751979
-0.752492
-0.753009
-0.753532
-0.75406
-0.754592
-0.75513
-0.755672
-0.75622
-0.756772
-0.75733
-0.757892
-0.758459
-0.759031
-0.759608
-0.76019
-0.760777
-0.761369
-0.761965
-0.762567
-0.763173
-0.763785
-0.764401
-0.765022
-0.765648
-0.766278
-0.766914
-0.767554
-0.768199
-0.76885
-0.769504
-0.770164
-0.770828
-0.771498
-0.772172
-0.77285
-0.773534
-0.774222
-0.774915
-0.775613
-0.776315
-0.777023
-0.777735
-0.778451
-0.779173
-0.779899
-0.780629
-0.781365
-0.782105
-0.782849
-0.783599
-0.784352
-0.785111
-0.785874
-0.786642
-0.787414
-0.788191
-0.788972
-0.789758
-0.790549
-0.791344
-0.792144
-0.792948
-0.793756
-0.794569
-0.795387
-0.796209
-0.797035
-0.797866
-0.798701
-0.799541
-0.800385
-0.801233
-0.802086
-0.802943
-0.803804
-0.80467
-0.80554
-0.806415
-0.807293
-0.808176
-0.809063
-0.809954
-0.81085
-0.81175
-0.812654
-0.813562
-0.814474
-0.81539
-0.81631
-0.817235
-0.818164
-0.819096
-0.820033
-0.820974
-0.821918
-0.822867
-0.82382
-0.824776
-0.825737
-0.826701
-0.827669
-0.828641
-0.829617
-0.830597
-0.831581
-0.832568
-0.833559
-0.834554
-0.835553
-0.836555
-0.837561
-0.838571
-0.839584
-0.840601
-0.841622
-0.842646
-0.843673
-0.844704
-0.845739
-0.846777
-0.847818
-0.848863
-0.849911
-0.850963
-0.852018
-0.853076
-0.854138
-0.855202
-0.85627
-0.857342
-0.858416
-0.859494
-0.860574
-0.861658
-0.862745
-0.863835
-0.864928
-0.866023
-0.867122
-0.868224
-0.869329
-0.870436
-0.871546
-0.872659
-0.873775
-0.874894
-0.876015
-0.877139
-0.878266
-0.879395
-0.880527
-0.881661
-0.882798
-0.883937
-0.885079
-0.886223
-0.887369
-0.888518
-0.889669
-0.890823
-0.891978
-0.893136
-0.894296
-0.895458
-0.896622
-0.897789
-0.898957
-0.900127
-0.901299
-0.902473
-0.903649
-0.904827
-0.906006
-0.907187
-0.90837
-0.909555
-0.910741
-0.911929
-0.913118
-0.914309
-0.915501
-0.916695
-0.91789
-0.919086
-0.920284
-0.921483
-0.922683
-0.923884
-0.925087
-0.92629
-0.927494
-0.9287
-0.929906
-0.931114
-0.932322
-0.933531
-0.93474
-0.935951
-0.937162
-0.938373
-0.939586
-0.940798
-0.942012
-0.943225
-0.944439
-0.945654
-0.946868
-0.948083
-0.949298
-0.950513
-0.951729
-0.952944
-0.954159
-0.955374
-0.95659
-0.957804
-0.959019
-0.960234
-0.961448
-0.962662
-0.963875
-0.965088
-0.9663
-0.967512
-0.968723
-0.969934
-0.971143
-0.972352
-0.97356
-0.974767
-0.975974
-0.977179
-0.978383
-0.979586
-0.980788
-0.981989
-0.983188
-0.984386
-0.985583
-0.986778
-0.987972
-0.989164
-0.990354
-0.991543
-0.99273
-0.993916
-0.995099
-0.996281
-0.99746
-0.998638
-0.999814
-1.00099
-1.00216
-1.00333
-1.00449
-1.00566
-1.00682
-1.00798
-1.00914
-1.01029
-1.01144
-1.01259
-1.01374
-1.01488
-1.01602
-1.01716
-1.01829
-1.01943
-1.02055
-1.02168
-1.0228
-1.02392
-1.02503
-1.02615
-1.02726
-1.02836
-1.02946
-1.03056
-1.03165
-1.03274
-1.03383
-1.03491
-1.03599
-1.03707
-1.03814
-1.0392
-1.04026
-1.04132
-1.04238
-1.04342
-1.04447
-1.04551
-1.04655
-1.04758
-1.0486
-1.04962
-1.05064
-1.05165
-1.05266
-1.05366
-1.05466
-1.05565
-1.05664
-1.05762
-1.0586
-1.05957
-1.06054
-1.0615
-1.06245
-1.0634
-1.06435
-1.06529
-1.06622
-1.06715
-1.06807
-1.06898
-1.06989
-1.07079
-1.07169
-1.07258
-1.07347
-1.07435
-1.07522
-1.07609
-1.07695
-1.0778
-1.07865
-1.07949
-1.08032
-1.08115
-1.08197
-1.08279
-1.08359
-1.0844
-1.08519
-1.08598
-1.08676
-1.08753
-1.0883
-1.08905
-1.08981
-1.09055
-1.09129
-1.09202
-1.09274
-1.09345
-1.09416
-1.09486
-1.09555
-1.09624
-1.09692
-1.09759
-1.09825
-1.0989
-1.09955
-1.10019
-1.10082
-1.10144
-1.10206
-1.10266
-1.10326
-1.10385
-1.10444
-1.10501
-1.10558
-1.10613
-1.10668
-1.10723
-1.10776
-1.10828
-1.1088
-1.10931
-1.10981
-1.1103
-1.11078
-1.11125
-1.11172
-1.11217
-1.11262
-1.11306
-1.11349
-1.11391
-1.11432
-1.11473
-1.11512
-1.11551
-1.11589
-1.11625
-1.11661
-1.11696
-1.1173
-1.11764
-1.11796
-1.11827
-1.11858
-1.11887
-1.11916
-1.11944
-1.11971
-1.11996
-1.12021
-1.12045
-1.12069
-1.12091
-1.12112
-1.12132
-1.12152
-1.1217
-1.12188
-1.12204
-1.1222
-1.12235
-1.12249
-1.12262
-1.12273
-1.12284
-1.12294
-1.12304
-1.12312
-1.12319
-1.12325
-1.1233
-1.12335
-1.12338
-1.12341
-1.12342
-1.12343
-1.12342
-1.12341
-1.12339
-1.12336
-1.12332
-1.12326
-1.1232
-1.12313
-1.12306
-1.12297
-1.12287
-1.12276
-1.12264
-1.12252
-1.12238
-1.12224
-1.12208
-1.12192
-1.12174
-1.12156
-1.12137
-1.12117
-1.12096
-1.12074
-1.12051
-1.12027
-1.12002
-1.11977
-1.1195
-1.11923
-1.11894
-1.11865
-1.11834
-1.11803
-1.11771
-1.11738
-1.11704
-1.11669
-1.11634
-1.11597
-1.1156
-1.11521
-1.11482
-1.11442
-1.11401
-1.11359
-1.11316
-1.11272
-1.11228
-1.11182
-1.11136
-1.11089
-1.11041
-1.10992
-1.10942
-1.10892
-1.1084
-1.10788
-1.10735
-1.10681
-1.10626
-1.10571
-1.10514
-1.10457
-1.10399
-1.1034
-1.1028
-1.1022
-1.10159
-1.10096
-1.10034
-1.0997
-1.09905
-1.0984
-1.09774
-1.09707
-1.0964
-1.09572
-1.09502
-1.09433
-1.09362
-1.09291
-1.09219
-1.09146
-1.09072
-1.08998
-1.08923
-1.08847
-1.08771
-1.08694
-1.08616
-1.08537
-1.08458
-1.08378
-1.08298
-1.08216
-1.08134
-1.08052
-1.07968
-1.07885
-1.078
-1.07715
-1.07629
-1.07542
-1.07455
-1.07367
-1.07279
-1.0719
-1.071
-1.0701
-1.06919
-1.06828
-1.06736
-1.06643
-1.0655
-1.06457
-1.06362
-1.06267
-1.06172
-1.06076
-1.0598
-1.05883
-1.05785
-1.05687
-1.05588
-1.05489
-1.0539
-1.0529
-1.05189
-1.05088
-1.04986
-1.04884
-1.04782
-1.04679
-1.04575
-1.04471
-1.04367
-1.04262
-1.04157
-1.04051
-1.03945
-1.03838
-1.03731
-1.03624
-1.03516
-1.03408
-1.033
-1.03191
-1.03081
-1.02972
-1.02862
-1.02751
-1.02641
-1.02529
-1.02418
-1.02306
-1.02194
-1.02082
-1.01969
-1.01856
-1.01742
-1.01629
-1.01515
-1.014
-1.01286
-1.01171
-1.01056
-1.00941
-1.00825
-1.00709
-1.00593
-1.00477
-1.0036
-1.00243
-1.00126
-1.00009
-0.998912
-0.997735
-0.996556
-0.995374
-0.994191
-0.993007
-0.99182
-0.990631
-0.989441
-0.988249
-0.987056
-0.985861
-0.984665
-0.983467
-0.982268
-0.981068
-0.979866
-0.978663
-0.97746
-0.976255
-0.975049
-0.973842
-0.972634
-0.971425
-0.970215
-0.969005
-0.967794
-0.966583
-0.96537
-0.964158
-0.962944
-0.961731
-0.960517
-0.959302
-0.958087
-0.956873
-0.955657
-0.954442
-0.953227
-0.952012
-0.950796
-0.949581
-0.948366
-0.947151
-0.945936
-0.944722
-0.943508
-0.942294
-0.941081
-0.939868
-0.938656
-0.937444
-0.936233
-0.935022
-0.933812
-0.932603
-0.931395
-0.930187
-0.928981
-0.927775
-0.92657
-0.925367
-0.924164
-0.922963
-0.921762
-0.920563
-0.919365
-0.918168
-0.916973
-0.915779
-0.914587
-0.913395
-0.912206
-0.911018
-0.909831
-0.908646
-0.907463
-0.906281
-0.905101
-0.903923
-0.902747
-0.901572
-0.9004
-0.899229
-0.898061
-0.896894
-0.895729
-0.894567
-0.893406
-0.892248
-0.891092
-0.889938
-0.888786
-0.887637
-0.88649
-0.885345
-0.884203
-0.883063
-0.881926
-0.880791
-0.879658
-0.878528
-0.877401
-0.876277
-0.875155
-0.874036
-0.872919
-0.871805
-0.870694
-0.869586
-0.868481
-0.867379
-0.866279
-0.865183
-0.864089
-0.862999
-0.861911
-0.860827
-0.859745
-0.858667
-0.857592
-0.85652
-0.855451
-0.854385
-0.853323
-0.852264
-0.851208
-0.850156
-0.849107
-0.848061
-0.847019
-0.84598
-0.844945
-0.843913
-0.842885
-0.84186
-0.840839
-0.839821
-0.838807
-0.837796
-0.836789
-0.835786
-0.834787
-0.833791
-0.832799
-0.831811
-0.830826
-0.829845
-0.828869
-0.827896
-0.826926
-0.825961
-0.825
-0.824042
-0.823089
-0.822139
-0.821193
-0.820252
-0.819314
-0.818381
-0.817451
-0.816526
-0.815604
-0.814687
-0.813774
-0.812865
-0.81196
-0.811059
-0.810163
-0.80927
-0.808382
-0.807499
-0.806619
-0.805744
-0.804873
-0.804006
-0.803143
-0.802285
-0.801432
-0.800582
-0.799737
-0.798897
-0.79806
-0.797228
-0.796401
-0.795578
-0.794759
-0.793945
-0.793136
-0.792331
-0.79153
-0.790734
-0.789942
-0.789155
-0.788373
-0.787595
-0.786822
-0.786053
-0.785289
-0.784529
-0.783774
-0.783024
-0.782278
-0.781537
-0.7808
-0.780069
-0.779341
-0.778619
-0.777901
-0.777188
-0.77648
-0.775776
-0.775077
-0.774383
-0.773694
-0.773009
-0.772329
-0.771654
-0.770984
-0.770319
-0.769658
-0.769002
-0.768351
-0.767704
-0.767063
-0.766426
-0.765794
-0.765167
-0.764545
-0.763928
-0.763316
-0.762708
-0.762105
-0.761508
-0.760915
-0.760327
-0.759744
-0.759165
-0.758592
-0.758024
-0.75746
-0.756902
-0.756348
-0.7558
-0.755256
-0.754717
-0.754184
-0.753655
-0.753131
-0.752612
-0.752098
-0.751589
-0.751085
-0.750586
-0.750092
-0.749603
-0.749119
-0.74864
-0.748166
-0.747698
-0.747234
-0.746775
-0.746321
-0.745872
-0.745428
-0.744989
-0.744556
-0.744127
-0.743703
-0.743285
-0.742871
-0.742462
-0.742059
-0.741661
-0.741267
-0.740879
-0.740496
-0.740118
-0.739744
-0.739376
-0.739014
-0.738656
-0.738303
-0.737955
-0.737613
-0.737275
-0.736943
-0.736615
-0.736293
-0.735976
-0.735664
-0.735357
-0.735055
-0.734758
-0.734467
-0.73418
-0.733899
-0.733623
-0.733351
-0.733085
-0.732824
-0.732568
-0.732318
-0.732072
-0.731832
-0.731596
-0.731366
-0.731141
-0.730921
-0.730706
-0.730496
-0.730292
-0.730092
-0.729898
-0.729709
-0.729525
-0.729346
-0.729172
-0.729003
-0.72884
-0.728681
-0.728528
-0.72838
-0.728237
-0.728099
-0.727967
-0.727839
-0.727717
-0.727599
-0.727487
-0.72738
-0.727278
-0.727182
-0.72709
-0.727004
-0.726923
-0.726847
-0.726776
-0.72671
-0.726649
-0.726594
-0.726543
-0.726498
-0.726458
-0.726423
-0.726393
-0.726369
-0.726349
-0.726335
-0.726326
-0.726322
-0.726323
-0.726329
-0.726341
-0.726357
-0.726379
-0.726406
-0.726438
-0.726475
-0.726518
-0.726565
-0.726618
-0.726676
-0.726739
-0.726807
-0.72688
-0.726958
-0.727042
-0.727131
-0.727224
-0.727323
-0.727428
-0.727537
-0.727651
-0.727771
-0.727896
-0.728025
-0.72816
-0.728301
-0.728446
-0.728596
-0.728752
-0.728912
-0.729078
-0.729249
-0.729425
-0.729607
-0.729793
-0.729984
-0.730181
-0.730383
-0.73059
-0.730802
-0.731019
-0.731241
-0.731469
-0.731701
-0.731939
-0.732182
-0.73243
-0.732683
-0.732941
-0.733204
-0.733472
-0.733746
-0.734024
-0.734308
-0.734597
-0.734891
-0.73519
-0.735494
-0.735803
-0.736118
-0.736437
-0.736761
-0.737091
-0.737426
-0.737766
-0.73811
-0.73846
-0.738815
-0.739176
-0.739541
-0.739911
-0.740286
-0.740667
-0.741052
-0.741443
-0.741839
-0.742239
-0.742645
-0.743056
-0.743472
-0.743893
-0.744318
-0.744749
-0.745185
-0.745627
-0.746073
-0.746524
-0.74698
-0.747441
-0.747907
-0.748378
-0.748855
-0.749336
-0.749822
-0.750313
-0.750809
-0.751311
-0.751817
-0.752328
-0.752844
-0.753365
-0.753891
-0.754422
-0.754958
-0.755499
-0.756045
-0.756596
-0.757152
-0.757712
-0.758278
-0.758849
-0.759424
-0.760004
-0.76059
-0.76118
-0.761775
-0.762375
-0.76298
-0.76359
-0.764204
-0.764824
-0.765448
-0.766077
-0.766711
-0.76735
-0.767994
-0.768642
-0.769295
-0.769953
-0.770616
-0.771284
-0.771956
-0.772634
-0.773316
-0.774002
-0.774694
-0.77539
-0.776091
-0.776797
-0.777507
-0.778222
-0.778942
-0.779667
-0.780396
-0.78113
-0.781868
-0.782612
-0.783359
-0.784112
-0.784869
-0.785631
-0.786397
-0.787168
-0.787943
-0.788723
-0.789508
-0.790297
-0.79109
-0.791888
-0.792691
-0.793498
-0.79431
-0.795126
-0.795946
-0.796771
-0.797601
-0.798435
-0.799273
-0.800115
-0.800962
-0.801814
-0.80267
-0.80353
-0.804394
-0.805263
-0.806136
-0.807013
-0.807894
-0.80878
-0.80967
-0.810564
-0.811463
-0.812365
-0.813272
-0.814183
-0.815098
-0.816017
-0.81694
-0.817867
-0.818799
-0.819734
-0.820673
-0.821617
-0.822564
-0.823516
-0.824471
-0.82543
-0.826393
-0.82736
-0.828331
-0.829306
-0.830285
-0.831267
-0.832253
-0.833243
-0.834237
-0.835234
-0.836236
-0.83724
-0.838249
-0.839261
-0.840277
-0.841296
-0.842319
-0.843345
-0.844375
-0.845409
-0.846446
-0.847486
-0.84853
-0.849577
-0.850627
-0.851681
-0.852738
-0.853799
-0.854863
-0.85593
-0.857
-0.858073
-0.85915
-0.86023
-0.861312
-0.862398
-0.863487
-0.864579
-0.865674
-0.866772
-0.867873
-0.868976
-0.870083
-0.871192
-0.872304
-0.873419
-0.874537
-0.875657
-0.876781
-0.877906
-0.879035
-0.880166
-0.881299
-0.882435
-0.883574
-0.884715
-0.885858
-0.887004
-0.888152
-0.889302
-0.890455
-0.89161
-0.892767
-0.893926
-0.895088
-0.896251
-0.897417
-0.898584
-0.899754
-0.900925
-0.902099
-0.903274
-0.904451
-0.90563
-0.906811
-0.907993
-0.909177
-0.910363
-0.91155
-0.912739
-0.913929
-0.915121
-0.916314
-0.917509
-0.918705
-0.919902
-0.921101
-0.9223
-0.923501
-0.924703
-0.925906
-0.92711
-0.928316
-0.929522
-0.930729
-0.931936
-0.933145
-0.934355
-0.935565
-0.936776
-0.937987
-0.939199
-0.940412
-0.941625
-0.942838
-0.944052
-0.945266
-0.946481
-0.947696
-0.948911
-0.950126
-0.951341
-0.952556
-0.953772
-0.954987
-0.956202
-0.957417
-0.958632
-0.959847
-0.961061
-0.962275
-0.963488
-0.964701
-0.965914
-0.967126
-0.968337
-0.969548
-0.970758
-0.971967
-0.973175
-0.974383
-0.975589
-0.976795
-0.977999
-0.979203
-0.980405
-0.981606
-0.982806
-0.984004
-0.985201
-0.986397
-0.987591
-0.988784
-0.989975
-0.991164
-0.992352
-0.993538
-0.994722
-0.995904
-0.997084
-0.998263
-0.999439
-1.00061
-1.00179
-1.00295
-1.00412
-1.00529
-1.00645
-1.00761
-1.00877
-1.00992
-1.01108
-1.01223
-1.01337
-1.01452
-1.01566
-1.0168
-1.01793
-1.01906
-1.02019
-1.02132
-1.02244
-1.02356
-1.02468
-1.02579
-1.0269
-1.02801
-1.02911
-1.03021
-1.0313
-1.0324
-1.03348
-1.03457
-1.03565
-1.03672
-1.03779
-1.03886
-1.03993
-1.04098
-1.04204
-1.04309
-1.04414
-1.04518
-1.04622
-1.04725
-1.04828
-1.0493
-1.05032
-1.05133
-1.05234
-1.05334
-1.05434
-1.05534
-1.05633
-1.05731
-1.05829
-1.05926
-1.06023
-1.06119
-1.06215
-1.0631
-1.06405
-1.06499
-1.06592
-1.06685
-1.06777
-1.06869
-1.0696
-1.07051
-1.07141
-1.0723
-1.07319
-1.07407
-1.07494
-1.07581
-1.07667
-1.07753
-1.07838
-1.07922
-1.08006
-1.08089
-1.08171
-1.08253
-1.08334
-1.08414
-1.08494
-1.08573
-1.08651
-1.08728
-1.08805
-1.08881
-1.08957
-1.09031
-1.09105
-1.09178
-1.09251
-1.09323
-1.09394
-1.09464
-1.09533
-1.09602
-1.0967
-1.09737
-1.09804
-1.0987
-1.09934
-1.09999
-1.10062
-1.10124
-1.10186
-1.10247
-1.10307
-1.10367
-1.10425
-1.10483
-1.1054
-1.10596
-1.10651
-1.10705
-1.10759
-1.10812
-1.10864
-1.10915
-1.10965
-1.11014
-1.11063
-1.1111
-1.11157
-1.11203
-1.11248
-1.11292
-1.11335
-1.11378
-1.11419
-1.1146
-1.115
-1.11539
-1.11577
-1.11614
-1.1165
-1.11685
-1.1172
-1.11753
-1.11786
-1.11817
-1.11848
-1.11878
-1.11907
-1.11935
-1.11962
-1.11988
-1.12014
-1.12038
-1.12061
-1.12084
-1.12105
-1.12126
-1.12146
-1.12165
-1.12182
-1.12199
-1.12215
-1.1223
-1.12244
-1.12258
-1.1227
-1.12281
-1.12291
-1.12301
-1.12309
-1.12317
-1.12323
-1.12329
-1.12334
-1.12337
-1.1234
-1.12342
-1.12343
-1.12343
-1.12342
-1.1234
-1.12337
-1.12333
-1.12328
-1.12322
-1.12316
-1.12308
-1.123
-1.1229
-1.1228
-1.12268
-1.12256
-1.12243
-1.12228
-1.12213
-1.12197
-1.1218
-1.12162
-1.12143
-1.12123
-1.12103
-1.12081
-1.12058
-1.12035
-1.1201
-1.11985
-1.11959
-1.11931
-1.11903
-1.11874
-1.11844
-1.11813
-1.11782
-1.11749
-1.11715
-1.11681
-1.11645
-1.11609
-1.11572
-1.11534
-1.11495
-1.11455
-1.11414
-1.11372
-1.1133
-1.11286
-1.11242
-1.11197
-1.11151
-1.11104
-1.11056
-1.11008
-1.10958
-1.10908
-1.10857
-1.10805
-1.10752
-1.10698
-1.10644
-1.10589
-1.10532
-1.10475
-1.10418
-1.10359
-1.103
-1.10239
-1.10178
-1.10116
-1.10054
-1.0999
-1.09926
-1.09861
-1.09795
-1.09729
-1.09661
-1.09593
-1.09525
-1.09455
-1.09385
-1.09313
-1.09242
-1.09169
-1.09096
-1.09022
-1.08947
-1.08871
-1.08795
-1.08718
-1.08641
-1.08562
-1.08483
-1.08404
-1.08323
-1.08242
-1.08161
-1.08078
-1.07995
-1.07911
-1.07827
-1.07742
-1.07656
-1.0757
-1.07483
-1.07396
-1.07307
-1.07219
-1.07129
-1.07039
-1.06948
-1.06857
-1.06765
-1.06673
-1.0658
-1.06487
-1.06392
-1.06298
-1.06203
-1.06107
-1.0601
-1.05914
-1.05816
-1.05718
-1.0562
-1.05521
-1.05421
-1.05322
-1.05221
-1.0512
-1.05019
-1.04917
-1.04814
-1.04712
-1.04608
-1.04504
-1.044
-1.04295
-1.0419
-1.04085
-1.03979
-1.03872
-1.03766
-1.03658
-1.03551
-1.03443
-1.03334
-1.03226
-1.03116
-1.03007
-1.02897
-1.02787
-1.02676
-1.02565
-1.02454
-1.02342
-1.0223
-1.02118
-1.02005
-1.01892
-1.01779
-1.01665
-1.01551
-1.01437
-1.01322
-1.01208
-1.01093
-1.00977
-1.00862
-1.00746
-1.0063
-1.00514
-1.00397
-1.0028
-1.00163
-1.00046
-0.999287
-0.99811
-0.996932
-0.995751
-0.994569
-0.993385
-0.992198
-0.991011
-0.989821
-0.98863
-0.987437
-0.986243
-0.985047
-0.983849
-0.982651
-0.981451
-0.98025
-0.979047
-0.977844
-0.976639
-0.975433
-0.974227
-0.973019
-0.971811
-0.970601
-0.969391
-0.96818
-0.966969
-0.965757
-0.964544
-0.963331
-0.962118
-0.960904
-0.95969
-0.958475
-0.95726
-0.956045
-0.95483
-0.953615
-0.952399
-0.951184
-0.949969
-0.948754
-0.947539
-0.946324
-0.945109
-0.943895
-0.942681
-0.941468
-0.940255
-0.939042
-0.93783
-0.936619
-0.935408
-0.934198
-0.932989
-0.93178
-0.930572
-0.929366
-0.92816
-0.926955
-0.925751
-0.924548
-0.923346
-0.922145
-0.920945
-0.919747
-0.91855
-0.917354
-0.91616
-0.914967
-0.913775
-0.912585
-0.911396
-0.910209
-0.909024
-0.90784
-0.906658
-0.905477
-0.904299
-0.903122
-0.901947
-0.900774
-0.899602
-0.898433
-0.897266
-0.8961
-0.894937
-0.893776
-0.892617
-0.89146
-0.890306
-0.889153
-0.888003
-0.886855
-0.88571
-0.884567
-0.883426
-0.882288
-0.881152
-0.880019
-0.878889
-0.877761
-0.876635
-0.875512
-0.874392
-0.873275
-0.87216
-0.871049
-0.869939
-0.868833
-0.86773
-0.86663
-0.865532
-0.864438
-0.863346
-0.862258
-0.861172
-0.86009
-0.85901
-0.857934
-0.856861
-0.855792
-0.854725
-0.853662
-0.852602
-0.851545
-0.850491
-0.849441
-0.848395
-0.847351
-0.846311
-0.845275
-0.844242
-0.843212
-0.842186
-0.841164
-0.840145
-0.83913
-0.838118
-0.83711
-0.836106
-0.835105
-0.834108
-0.833115
-0.832126
-0.83114
-0.830158
-0.82918
-0.828205
-0.827235
-0.826269
-0.825306
-0.824347
-0.823392
-0.822441
-0.821495
-0.820552
-0.819613
-0.818678
-0.817747
-0.81682
-0.815898
-0.814979
-0.814065
-0.813154
-0.812248
-0.811346
-0.810448
-0.809555
-0.808665
-0.80778
-0.806899
-0.806022
-0.80515
-0.804282
-0.803418
-0.802559
-0.801703
-0.800853
-0.800006
-0.799164
-0.798327
-0.797493
-0.796664
-0.79584
-0.79502
-0.794205
-0.793394
-0.792587
-0.791785
-0.790987
-0.790194
-0.789406
-0.788622
-0.787842
-0.787068
-0.786297
-0.785532
-0.784771
-0.784014
-0.783262
-0.782515
-0.781773
-0.781035
-0.780301
-0.779573
-0.778849
-0.77813
-0.777415
-0.776705
-0.776
-0.7753
-0.774604
-0.773913
-0.773227
-0.772546
-0.771869
-0.771197
-0.77053
-0.769868
-0.76921
-0.768558
-0.76791
-0.767267
-0.766629
-0.765995
-0.765367
-0.764743
-0.764124
-0.76351
-0.762901
-0.762297
-0.761698
-0.761103
-0.760514
-0.759929
-0.759349
-0.758774
-0.758204
-0.757639
-0.757079
-0.756524
-0.755974
-0.755429
-0.754889
-0.754353
-0.753823
-0.753297
-0.752777
-0.752261
-0.751751
-0.751245
-0.750745
-0.750249
-0.749759
-0.749273
-0.748793
-0.748317
-0.747846
-0.747381
-0.74692
-0.746465
-0.746014
-0.745569
-0.745129
-0.744693
-0.744263
-0.743838
-0.743417
-0.743002
-0.742592
-0.742187
-0.741787
-0.741392
-0.741002
-0.740617
-0.740238
-0.739863
-0.739493
-0.739129
-0.738769
-0.738415
-0.738065
-0.737721
-0.737382
-0.737048
-0.736719
-0.736395
-0.736076
-0.735763
-0.735454
-0.735151
-0.734852
-0.734559
-0.734271
-0.733988
-0.73371
-0.733437
-0.733169
-0.732907
-0.732649
-0.732397
-0.73215
-0.731908
-0.731671
-0.731439
-0.731212
-0.73099
-0.730774
-0.730563
-0.730356
-0.730155
-0.729959
-0.729768
-0.729583
-0.729402
-0.729227
-0.729056
-0.728891
-0.728731
-0.728576
-0.728427
-0.728282
-0.728142
-0.728008
-0.727879
-0.727755
-0.727636
-0.727522
-0.727414
-0.72731
-0.727212
-0.727119
-0.727031
-0.726948
-0.72687
-0.726798
-0.72673
-0.726668
-0.726611
-0.726559
-0.726512
-0.72647
-0.726434
-0.726402
-0.726376
-0.726355
-0.726339
-0.726328
-0.726323
-0.726322
-0.726327
-0.726336
-0.726351
-0.726372
-0.726397
-0.726427
-0.726463
-0.726504
-0.726549
-0.7266
-0.726657
-0.726718
-0.726784
-0.726856
-0.726933
-0.727015
-0.727102
-0.727194
-0.727291
-0.727394
-0.727501
-0.727614
-0.727732
-0.727855
-0.727983
-0.728117
-0.728255
-0.728399
-0.728547
-0.728701
-0.72886
-0.729025
-0.729194
-0.729368
-0.729548
-0.729733
-0.729923
-0.730118
-0.730318
-0.730523
-0.730733
-0.730949
-0.73117
-0.731395
-0.731626
-0.731862
-0.732103
-0.73235
-0.732601
-0.732858
-0.733119
-0.733386
-0.733658
-0.733935
-0.734217
-0.734504
-0.734796
-0.735094
-0.735396
-0.735704
-0.736016
-0.736334
-0.736657
-0.736985
-0.737318
-0.737656
-0.738
-0.738348
-0.738701
-0.73906
-0.739424
-0.739792
-0.740166
-0.740545
-0.740929
-0.741318
-0.741712
-0.742111
-0.742515
-0.742924
-0.743338
-0.743757
-0.744182
-0.744611
-0.745046
-0.745485
-0.745929
-0.746379
-0.746834
-0.747293
-0.747758
-0.748227
-0.748702
-0.749181
-0.749666
-0.750156
-0.75065
-0.75115
-0.751654
-0.752164
-0.752679
-0.753198
-0.753723
-0.754252
-0.754786
-0.755326
-0.75587
-0.756419
-0.756974
-0.757533
-0.758097
-0.758666
-0.75924
-0.759819
-0.760402
-0.760991
-0.761584
-0.762183
-0.762786
-0.763394
-0.764007
-0.764625
-0.765248
-0.765876
-0.766508
-0.767145
-0.767787
-0.768434
-0.769086
-0.769743
-0.770404
-0.77107
-0.771741
-0.772417
-0.773097
-0.773783
-0.774473
-0.775167
-0.775867
-0.776571
-0.77728
-0.777994
-0.778712
-0.779435
-0.780163
-0.780895
-0.781632
-0.782374
-0.78312
-0.783871
-0.784627
-0.785387
-0.786152
-0.786921
-0.787695
-0.788474
-0.789257
-0.790044
-0.790836
-0.791633
-0.792434
-0.79324
-0.79405
-0.794865
-0.795684
-0.796507
-0.797335
-0.798168
-0.799005
-0.799846
-0.800692
-0.801542
-0.802396
-0.803255
-0.804117
-0.804985
-0.805856
-0.806732
-0.807612
-0.808497
-0.809385
-0.810278
-0.811175
-0.812076
-0.812982
-0.813891
-0.814805
-0.815723
-0.816645
-0.817571
-0.818501
-0.819435
-0.820373
-0.821315
-0.822261
-0.823211
-0.824165
-0.825123
-0.826085
-0.827051
-0.828021
-0.828994
-0.829972
-0.830953
-0.831938
-0.832927
-0.833919
-0.834916
-0.835916
-0.836919
-0.837926
-0.838937
-0.839952
-0.84097
-0.841992
-0.843017
-0.844046
-0.845078
-0.846114
-0.847153
-0.848196
-0.849242
-0.850292
-0.851344
-0.852401
-0.85346
-0.854523
-0.855589
-0.856658
-0.85773
-0.858806
-0.859885
-0.860966
-0.862051
-0.863139
-0.86423
-0.865324
-0.866421
-0.867521
-0.868624
-0.869729
-0.870838
-0.871949
-0.873063
-0.87418
-0.875299
-0.876422
-0.877547
-0.878674
-0.879804
-0.880937
-0.882072
-0.88321
-0.88435
-0.885493
-0.886638
-0.887785
-0.888935
-0.890087
-0.891241
-0.892397
-0.893556
-0.894717
-0.895879
-0.897044
-0.898211
-0.89938
-0.900551
-0.901724
-0.902899
-0.904075
-0.905254
-0.906434
-0.907615
-0.908799
-0.909984
-0.911171
-0.912359
-0.913549
-0.91474
-0.915933
-0.917127
-0.918323
-0.91952
-0.920718
-0.921917
-0.923118
-0.924319
-0.925522
-0.926726
-0.927931
-0.929137
-0.930343
-0.931551
-0.932759
-0.933968
-0.935178
-0.936389
-0.9376
-0.938812
-0.940025
-0.941237
-0.942451
-0.943665
-0.944879
-0.946093
-0.947308
-0.948523
-0.949738
-0.950953
-0.952169
-0.953384
-0.954599
-0.955814
-0.957029
-0.958244
-0.959459
-0.960673
-0.961887
-0.963101
-0.964314
-0.965527
-0.966739
-0.96795
-0.969161
-0.970372
-0.971581
-0.97279
-0.973997
-0.975204
-0.97641
-0.977615
-0.978819
-0.980021
-0.981223
-0.982423
-0.983622
-0.984819
-0.986016
-0.98721
-0.988403
-0.989595
-0.990785
-0.991973
-0.99316
-0.994344
-0.995527
-0.996708
-0.997887
-0.999064
-1.00024
-1.00141
-1.00258
-1.00375
-1.00492
-1.00608
-1.00724
-1.0084
-1.00955
-1.01071
-1.01186
-1.01301
-1.01415
-1.01529
-1.01643
-1.01757
-1.0187
-1.01983
-1.02096
-1.02209
-1.02321
-1.02432
-1.02544
-1.02655
-1.02766
-1.02876
-1.02986
-1.03096
-1.03205
-1.03314
-1.03422
-1.0353
-1.03638
-1.03745
-1.03852
-1.03959
-1.04065
-1.0417
-1.04276
-1.0438
-1.04485
-1.04589
-1.04692
-1.04795
-1.04897
-1.04999
-1.05101
-1.05202
-1.05302
-1.05403
-1.05502
-1.05601
-1.057
-1.05798
-1.05895
-1.05992
-1.06089
-1.06184
-1.0628
-1.06375
-1.06469
-1.06562
-1.06655
-1.06748
-1.0684
-1.06931
-1.07022
-1.07112
-1.07202
-1.07291
-1.07379
-1.07466
-1.07554
-1.0764
-1.07726
-1.07811
-1.07895
-1.07979
-1.08062
-1.08145
-1.08227
-1.08308
-1.08389
-1.08468
-1.08548
-1.08626
-1.08704
-1.08781
-1.08857
-1.08933
-1.09008
-1.09082
-1.09155
-1.09228
-1.093
-1.09371
-1.09442
-1.09511
-1.0958
-1.09649
-1.09716
-1.09783
-1.09849
-1.09914
-1.09978
-1.10042
-1.10105
-1.10167
-1.10228
-1.10288
-1.10348
-1.10406
-1.10464
-1.10522
-1.10578
-1.10633
-1.10688
-1.10742
-1.10795
-1.10847
-1.10898
-1.10949
-1.10998
-1.11047
-1.11095
-1.11142
-1.11188
-1.11234
-1.11278
-1.11322
-1.11364
-1.11406
-1.11447
-1.11487
-1.11526
-1.11565
-1.11602
-1.11638
-1.11674
-1.11709
-1.11742
-1.11775
-1.11807
-1.11838
-1.11869
-1.11898
-1.11926
-1.11954
-1.1198
-1.12006
-1.1203
-1.12054
-1.12077
-1.12099
-1.1212
-1.1214
-1.12159
-1.12177
-1.12194
-1.1221
-1.12226
-1.1224
-1.12253
-1.12266
-1.12278
-1.12288
-1.12298
-1.12307
-1.12314
-1.12321
-1.12327
-1.12332
-1.12336
-1.12339
-1.12341
-1.12343
-1.12343
-1.12342
-1.1234
-1.12338
-1.12334
-1.1233
-1.12324
-1.12318
-1.12311
-1.12302
-1.12293
-1.12283
-1.12272
-1.1226
-1.12247
-1.12233
-1.12218
-1.12202
-1.12186
-1.12168
-1.12149
-1.1213
-1.12109
-1.12088
-1.12066
-1.12042
-1.12018
-1.11993
-1.11967
-1.1194
-1.11912
-1.11884
-1.11854
-1.11823
-1.11792
-1.11759
-1.11726
-1.11692
-1.11657
-1.11621
-1.11584
-1.11546
-1.11507
-1.11468
-1.11427
-1.11386
-1.11343
-1.113
-1.11256
-1.11211
-1.11166
-1.11119
-1.11072
-1.11023
-1.10974
-1.10924
-1.10873
-1.10822
-1.10769
-1.10716
-1.10661
-1.10606
-1.1055
-1.10494
-1.10436
-1.10378
-1.10319
-1.10259
-1.10198
-1.10136
-1.10074
-1.10011
-1.09947
-1.09882
-1.09816
-1.0975
-1.09683
-1.09615
-1.09547
-1.09477
-1.09407
-1.09336
-1.09265
-1.09192
-1.09119
-1.09045
-1.08971
-1.08896
-1.0882
-1.08743
-1.08666
-1.08588
-1.08509
-1.08429
-1.08349
-1.08268
-1.08187
-1.08105
-1.08022
-1.07938
-1.07854
-1.07769
-1.07684
-1.07598
-1.07511
-1.07424
-1.07336
-1.07247
-1.07158
-1.07068
-1.06977
-1.06886
-1.06795
-1.06703
-1.0661
-1.06516
-1.06423
-1.06328
-1.06233
-1.06137
-1.06041
-1.05945
-1.05847
-1.0575
-1.05651
-1.05553
-1.05453
-1.05353
-1.05253
-1.05152
-1.05051
-1.04949
-1.04847
-1.04744
-1.04641
-1.04538
-1.04433
-1.04329
-1.04224
-1.04119
-1.04013
-1.03906
-1.038
-1.03693
-1.03585
-1.03477
-1.03369
-1.0326
-1.03151
-1.03042
-1.02932
-1.02822
-1.02711
-1.026
-1.02489
-1.02378
-1.02266
-1.02153
-1.02041
-1.01928
-1.01815
-1.01701
-1.01587
-1.01473
-1.01359
-1.01244
-1.01129
-1.01014
-1.00899
-1.00783
-1.00667
-1.00551
-1.00434
-1.00318
-1.00201
-1.00084
-0.999662
-0.998486
-0.997308
-0.996128
-0.994946
-0.993763
-0.992577
-0.99139
-0.990201
-0.98901
-0.987818
-0.986624
-0.985428
-0.984232
-0.983033
-0.981834
-0.980633
-0.979431
-0.978228
-0.977023
-0.975818
-0.974612
-0.973404
-0.972196
-0.970987
-0.969777
-0.968567
-0.967356
-0.966144
-0.964931
-0.963718
-0.962505
-0.961291
-0.960077
-0.958862
-0.957648
-0.956433
-0.955218
-0.954002
-0.952787
-0.951572
-0.950356
-0.949141
-0.947926
-0.946711
-0.945497
-0.944282
-0.943068
-0.941855
-0.940642
-0.939429
-0.938217
-0.937005
-0.935794
-0.934584
-0.933374
-0.932166
-0.930958
-0.92975
-0.928544
-0.927339
-0.926135
-0.924931
-0.923729
-0.922528
-0.921328
-0.920129
-0.918932
-0.917736
-0.916541
-0.915347
-0.914155
-0.912965
-0.911775
-0.910588
-0.909402
-0.908218
-0.907035
-0.905854
-0.904675
-0.903497
-0.902322
-0.901148
-0.899976
-0.898806
-0.897638
-0.896472
-0.895308
-0.894146
-0.892987
-0.891829
-0.890674
-0.889521
-0.88837
-0.887221
-0.886075
-0.884931
-0.88379
-0.882651
-0.881514
-0.88038
-0.879249
-0.87812
-0.876994
-0.87587
-0.874749
-0.873631
-0.872516
-0.871403
-0.870293
-0.869186
-0.868082
-0.86698
-0.865882
-0.864786
-0.863694
-0.862604
-0.861518
-0.860435
-0.859354
-0.858277
-0.857203
-0.856132
-0.855065
-0.854
-0.852939
-0.851882
-0.850827
-0.849776
-0.848728
-0.847684
-0.846643
-0.845605
-0.844571
-0.84354
-0.842513
-0.84149
-0.84047
-0.839453
-0.83844
-0.837431
-0.836426
-0.835424
-0.834426
-0.833431
-0.832441
-0.831454
-0.830471
-0.829491
-0.828516
-0.827544
-0.826576
-0.825613
-0.824653
-0.823696
-0.822744
-0.821796
-0.820852
-0.819912
-0.818976
-0.818044
-0.817116
-0.816192
-0.815272
-0.814356
-0.813444
-0.812537
-0.811633
-0.810734
-0.809839
-0.808948
-0.808062
-0.80718
-0.806302
-0.805428
-0.804558
-0.803693
-0.802832
-0.801976
-0.801124
-0.800276
-0.799432
-0.798593
-0.797759
-0.796928
-0.796102
-0.795281
-0.794464
-0.793652
-0.792844
-0.79204
-0.791241
-0.790447
-0.789657
-0.788871
-0.788091
-0.787314
-0.786543
-0.785775
-0.785013
-0.784255
-0.783502
-0.782753
-0.782009
-0.78127
-0.780535
-0.779805
-0.779079
-0.778359
-0.777643
-0.776931
-0.776225
-0.775523
-0.774826
-0.774133
-0.773445
-0.772763
-0.772084
-0.771411
-0.770742
-0.770079
-0.76942
-0.768765
-0.768116
-0.767471
-0.766832
-0.766197
-0.765567
-0.764942
-0.764321
-0.763706
-0.763095
-0.762489
-0.761888
-0.761292
-0.760701
-0.760115
-0.759534
-0.758957
-0.758386
-0.757819
-0.757258
-0.756701
-0.756149
-0.755602
-0.75506
-0.754523
-0.753991
-0.753464
-0.752942
-0.752425
-0.751913
-0.751406
-0.750904
-0.750407
-0.749915
-0.749427
-0.748945
-0.748468
-0.747996
-0.747529
-0.747067
-0.74661
-0.746158
-0.745711
-0.745269
-0.744832
-0.7444
-0.743973
-0.743551
-0.743134
-0.742722
-0.742316
-0.741914
-0.741517
-0.741126
-0.740739
-0.740358
-0.739982
-0.739611
-0.739244
-0.738883
-0.738527
-0.738176
-0.73783
-0.73749
-0.737154
-0.736823
-0.736498
-0.736178
-0.735862
-0.735552
-0.735247
-0.734947
-0.734652
-0.734362
-0.734078
-0.733798
-0.733524
-0.733254
-0.73299
-0.732731
-0.732477
-0.732228
-0.731984
-0.731746
-0.731512
-0.731284
-0.731061
-0.730842
-0.730629
-0.730422
-0.730219
-0.730021
-0.729829
-0.729641
-0.729459
-0.729282
-0.72911
-0.728943
-0.728782
-0.728625
-0.728474
-0.728328
-0.728186
-0.72805
-0.72792
-0.727794
-0.727673
-0.727558
-0.727448
-0.727343
-0.727243
-0.727148
-0.727058
-0.726974
-0.726894
-0.72682
-0.726751
-0.726687
-0.726628
-0.726575
-0.726526
-0.726483
-0.726445
-0.726412
-0.726384
-0.726361
-0.726343
-0.726331
-0.726324
-0.726322
-0.726325
-0.726333
-0.726346
-0.726365
-0.726388
-0.726417
-0.726451
-0.72649
-0.726534
-0.726584
-0.726638
-0.726698
-0.726763
-0.726833
-0.726908
-0.726988
-0.727073
-0.727164
-0.72726
-0.72736
-0.727466
-0.727578
-0.727694
-0.727815
-0.727942
-0.728074
-0.72821
-0.728352
-0.728499
-0.728652
-0.728809
-0.728972
-0.729139
-0.729312
-0.72949
-0.729673
-0.729862
-0.730055
-0.730253
-0.730457
-0.730666
-0.73088
-0.731099
-0.731323
-0.731552
-0.731786
-0.732026
-0.732271
-0.73252
-0.732775
-0.733035
-0.7333
-0.733571
-0.733846
-0.734126
-0.734412
-0.734703
-0.734998
-0.735299
-0.735605
-0.735916
-0.736232
-0.736554
-0.73688
-0.737211
-0.737548
-0.73789
-0.738236
-0.738588
-0.738945
-0.739307
-0.739674
-0.740046
-0.740423
-0.740806
-0.741193
-0.741585
-0.741983
-0.742385
-0.742793
-0.743206
-0.743623
-0.744046
-0.744474
-0.744906
-0.745344
-0.745787
-0.746235
-0.746688
-0.747146
-0.747609
-0.748077
-0.74855
-0.749028
-0.749511
-0.749999
-0.750492
-0.75099
-0.751493
-0.752001
-0.752514
-0.753032
-0.753555
-0.754083
-0.754615
-0.755153
-0.755696
-0.756244
-0.756796
-0.757354
-0.757916
-0.758484
-0.759056
-0.759633
-0.760216
-0.760803
-0.761395
-0.761991
-0.762593
-0.7632
-0.763811
-0.764428
-0.765049
-0.765675
-0.766306
-0.766942
-0.767582
-0.768228
-0.768878
-0.769533
-0.770193
-0.770857
-0.771527
-0.772201
-0.77288
-0.773564
-0.774252
-0.774945
-0.775643
-0.776346
-0.777053
-0.777765
-0.778482
-0.779204
-0.77993
-0.780661
-0.781397
-0.782137
-0.782882
-0.783631
-0.784385
-0.785144
-0.785907
-0.786675
-0.787448
-0.788225
-0.789006
-0.789793
-0.790583
-0.791379
-0.792178
-0.792983
-0.793791
-0.794605
-0.795422
-0.796244
-0.797071
-0.797902
-0.798737
-0.799577
-0.800421
-0.80127
-0.802123
-0.80298
-0.803842
-0.804708
-0.805578
-0.806452
-0.807331
-0.808214
-0.809102
-0.809993
-0.810889
-0.811789
-0.812693
-0.813601
-0.814513
-0.81543
-0.81635
-0.817275
-0.818204
-0.819137
-0.820073
-0.821014
-0.821959
-0.822908
-0.823861
-0.824818
-0.825778
-0.826743
-0.827711
-0.828684
-0.82966
-0.83064
-0.831623
-0.832611
-0.833602
-0.834597
-0.835596
-0.836599
-0.837605
-0.838615
-0.839628
-0.840645
-0.841666
-0.84269
-0.843718
-0.844749
-0.845783
-0.846822
-0.847863
-0.848908
-0.849957
-0.851008
-0.852063
-0.853122
-0.854183
-0.855248
-0.856317
-0.857388
-0.858462
-0.85954
-0.860621
-0.861705
-0.862792
-0.863882
-0.864975
-0.866071
-0.86717
-0.868272
-0.869376
-0.870484
-0.871594
-0.872707
-0.873823
-0.874942
-0.876064
-0.877188
-0.878314
-0.879444
-0.880575
-0.88171
-0.882847
-0.883986
-0.885128
-0.886272
-0.887419
-0.888568
-0.889719
-0.890872
-0.892028
-0.893186
-0.894346
-0.895508
-0.896673
-0.897839
-0.899007
-0.900177
-0.90135
-0.902524
-0.9037
-0.904878
-0.906057
-0.907238
-0.908421
-0.909606
-0.910792
-0.91198
-0.913169
-0.91436
-0.915553
-0.916746
-0.917941
-0.919138
-0.920336
-0.921535
-0.922735
-0.923936
-0.925138
-0.926342
-0.927546
-0.928752
-0.929958
-0.931166
-0.932374
-0.933583
-0.934792
-0.936003
-0.937214
-0.938426
-0.939638
-0.940851
-0.942064
-0.943277
-0.944492
-0.945706
-0.946921
-0.948135
-0.94935
-0.950566
-0.951781
-0.952996
-0.954212
-0.955427
-0.956642
-0.957857
-0.959072
-0.960286
-0.9615
-0.962714
-0.963927
-0.96514
-0.966352
-0.967564
-0.968775
-0.969986
-0.971195
-0.972404
-0.973612
-0.974819
-0.976026
-0.977231
-0.978435
-0.979638
-0.98084
-0.98204
-0.98324
-0.984438
-0.985634
-0.986829
-0.988023
-0.989215
-0.990406
-0.991594
-0.992781
-0.993967
-0.99515
-0.996332
-0.997511
-0.998689
-0.999864
-1.00104
-1.00221
-1.00338
-1.00454
-1.00571
-1.00687
-1.00803
-1.00919
-1.01034
-1.01149
-1.01264
-1.01379
-1.01493
-1.01607
-1.01721
-1.01834
-1.01947
-1.0206
-1.02173
-1.02285
-1.02397
-1.02508
-1.02619
-1.0273
-1.02841
-1.02951
-1.03061
-1.0317
-1.03279
-1.03388
-1.03496
-1.03604
-1.03711
-1.03818
-1.03925
-1.04031
-1.04137
-1.04242
-1.04347
-1.04451
-1.04555
-1.04659
-1.04762
-1.04865
-1.04967
-1.05069
-1.0517
-1.0527
-1.05371
-1.0547
-1.0557
-1.05668
-1.05766
-1.05864
-1.05961
-1.06058
-1.06154
-1.06249
-1.06344
-1.06439
-1.06533
-1.06626
-1.06719
-1.06811
-1.06902
-1.06993
-1.07083
-1.07173
-1.07262
-1.07351
-1.07439
-1.07526
-1.07612
-1.07698
-1.07784
-1.07869
-1.07953
-1.08036
-1.08119
-1.08201
-1.08282
-1.08363
-1.08443
-1.08522
-1.08601
-1.08679
-1.08756
-1.08833
-1.08909
-1.08984
-1.09058
-1.09132
-1.09205
-1.09277
-1.09349
-1.09419
-1.09489
-1.09558
-1.09627
-1.09695
-1.09762
-1.09828
-1.09893
-1.09958
-1.10022
-1.10085
-1.10147
-1.10208
-1.10269
-1.10329
-1.10388
-1.10446
-1.10503
-1.1056
-1.10616
-1.10671
-1.10725
-1.10778
-1.10831
-1.10882
-1.10933
-1.10983
-1.11032
-1.1108
-1.11127
-1.11174
-1.11219
-1.11264
-1.11308
-1.11351
-1.11393
-1.11434
-1.11474
-1.11514
-1.11552
-1.1159
-1.11627
-1.11663
-1.11698
-1.11732
-1.11765
-1.11797
-1.11829
-1.11859
-1.11889
-1.11917
-1.11945
-1.11972
-1.11998
-1.12022
-1.12046
-1.1207
-1.12092
-1.12113
-1.12133
-1.12153
-1.12171
-1.12189
-1.12205
-1.12221
-1.12235
-1.12249
-1.12262
-1.12274
-1.12285
-1.12295
-1.12304
-1.12312
-1.12319
-1.12325
-1.12331
-1.12335
-1.12338
-1.12341
-1.12342
-1.12343
-1.12342
-1.12341
-1.12339
-1.12336
-1.12331
-1.12326
-1.1232
-1.12313
-1.12305
-1.12296
-1.12286
-1.12276
-1.12264
-1.12251
-1.12238
-1.12223
-1.12208
-1.12191
-1.12174
-1.12155
-1.12136
-1.12116
-1.12095
-1.12073
-1.1205
-1.12026
-1.12001
-1.11976
-1.11949
-1.11921
-1.11893
-1.11863
-1.11833
-1.11802
-1.1177
-1.11737
-1.11703
-1.11668
-1.11632
-1.11596
-1.11558
-1.1152
-1.1148
-1.1144
-1.11399
-1.11357
-1.11314
-1.1127
-1.11226
-1.1118
-1.11134
-1.11087
-1.11039
-1.1099
-1.1094
-1.1089
-1.10838
-1.10786
-1.10733
-1.10679
-1.10624
-1.10568
-1.10512
-1.10455
-1.10396
-1.10338
-1.10278
-1.10217
-1.10156
-1.10094
-1.10031
-1.09967
-1.09903
-1.09837
-1.09771
-1.09705
-1.09637
-1.09569
-1.09499
-1.0943
-1.09359
-1.09288
-1.09215
-1.09143
-1.09069
-1.08995
-1.0892
-1.08844
-1.08768
-1.0869
-1.08612
-1.08534
-1.08455
-1.08375
-1.08294
-1.08213
-1.08131
-1.08048
-1.07965
-1.07881
-1.07796
-1.07711
-1.07625
-1.07539
-1.07451
-1.07364
-1.07275
-1.07186
-1.07097
-1.07006
-1.06915
-1.06824
-1.06732
-1.06639
-1.06546
-1.06453
-1.06358
-1.06263
-1.06168
-1.06072
-1.05975
-1.05878
-1.05781
-1.05683
-1.05584
-1.05485
-1.05385
-1.05285
-1.05185
-1.05083
-1.04982
-1.0488
-1.04777
-1.04674
-1.04571
-1.04467
-1.04362
-1.04257
-1.04152
-1.04046
-1.0394
-1.03834
-1.03727
-1.03619
-1.03512
-1.03404
-1.03295
-1.03186
-1.03077
-1.02967
-1.02857
-1.02747
-1.02636
-1.02525
-1.02413
-1.02301
-1.02189
-1.02077
-1.01964
-1.01851
-1.01737
-1.01624
-1.0151
-1.01396
-1.01281
-1.01166
-1.01051
-1.00936
-1.0082
-1.00704
-1.00588
-1.00472
-1.00355
-1.00238
-1.00121
-1.00004
-0.998861
-0.997684
-0.996505
-0.995323
-0.99414
-0.992955
-0.991769
-0.99058
-0.98939
-0.988198
-0.987005
-0.98581
-0.984613
-0.983416
-0.982216
-0.981016
-0.979814
-0.978612
-0.977408
-0.976203
-0.974996
-0.973789
-0.972582
-0.971373
-0.970163
-0.968953
-0.967742
-0.96653
-0.965318
-0.964105
-0.962892
-0.961678
-0.960464
-0.95925
-0.958035
-0.95682
-0.955605
-0.95439
-0.953175
-0.951959
-0.950744
-0.949529
-0.948314
-0.947099
-0.945884
-0.94467
-0.943456
-0.942242
-0.941029
-0.939816
-0.938603
-0.937392
-0.93618
-0.93497
-0.93376
-0.932551
-0.931343
-0.930135
-0.928929
-0.927723
-0.926519
-0.925315
-0.924112
-0.922911
-0.921711
-0.920511
-0.919313
-0.918117
-0.916922
-0.915728
-0.914535
-0.913344
-0.912154
-0.910966
-0.90978
-0.908595
-0.907412
-0.90623
-0.90505
-0.903872
-0.902696
-0.901522
-0.900349
-0.899179
-0.89801
-0.896844
-0.895679
-0.894517
-0.893356
-0.892198
-0.891042
-0.889888
-0.888736
-0.887587
-0.88644
-0.885296
-0.884154
-0.883014
-0.881876
-0.880742
-0.879609
-0.87848
-0.877353
-0.876228
-0.875106
-0.873987
-0.872871
-0.871757
-0.870647
-0.869539
-0.868433
-0.867331
-0.866232
-0.865135
-0.864042
-0.862952
-0.861864
-0.86078
-0.859699
-0.85862
-0.857545
-0.856474
-0.855405
-0.854339
-0.853277
-0.852218
-0.851163
-0.850111
-0.849062
-0.848016
-0.846974
-0.845936
-0.8449
-0.843869
-0.84284
-0.841816
-0.840795
-0.839777
-0.838763
-0.837753
-0.836746
-0.835743
-0.834744
-0.833748
-0.832756
-0.831768
-0.830784
-0.829803
-0.828826
-0.827854
-0.826885
-0.825919
-0.824958
-0.824001
-0.823047
-0.822098
-0.821153
-0.820211
-0.819274
-0.81834
-0.817411
-0.816486
-0.815565
-0.814647
-0.813734
-0.812826
-0.811921
-0.81102
-0.810124
-0.809232
-0.808344
-0.80746
-0.806581
-0.805706
-0.804835
-0.803969
-0.803106
-0.802248
-0.801395
-0.800546
-0.799701
-0.79886
-0.798024
-0.797193
-0.796365
-0.795543
-0.794724
-0.79391
-0.793101
-0.792296
-0.791496
-0.7907
-0.789908
-0.789121
-0.788339
-0.787561
-0.786788
-0.78602
-0.785256
-0.784496
-0.783741
-0.782991
-0.782246
-0.781505
-0.780769
-0.780037
-0.77931
-0.778588
-0.77787
-0.777158
-0.776449
-0.775746
-0.775047
-0.774353
-0.773664
-0.77298
-0.7723
-0.771625
-0.770955
-0.77029
-0.769629
-0.768974
-0.768323
-0.767676
-0.767035
-0.766399
-0.765767
-0.76514
-0.764518
-0.763901
-0.763289
-0.762682
-0.762079
-0.761482
-0.760889
-0.760301
-0.759718
-0.75914
-0.758567
-0.757999
-0.757436
-0.756878
-0.756324
-0.755776
-0.755233
-0.754694
-0.75416
-0.753632
-0.753108
-0.75259
-0.752076
-0.751567
-0.751063
-0.750565
-0.750071
-0.749582
-0.749098
-0.74862
-0.748146
-0.747677
-0.747214
-0.746755
-0.746301
-0.745853
-0.745409
-0.74497
-0.744537
-0.744108
-0.743685
-0.743266
-0.742853
-0.742445
-0.742042
-0.741643
-0.74125
-0.740862
-0.740479
-0.740101
-0.739728
-0.739361
-0.738998
-0.73864
-0.738288
-0.73794
-0.737598
-0.73726
-0.736928
-0.736601
-0.736279
-0.735962
-0.73565
-0.735344
-0.735042
-0.734746
-0.734454
-0.734168
-0.733887
-0.733611
-0.73334
-0.733074
-0.732813
-0.732557
-0.732307
-0.732062
-0.731821
-0.731586
-0.731356
-0.731131
-0.730911
-0.730697
-0.730487
-0.730283
-0.730084
-0.72989
-0.729701
-0.729517
-0.729338
-0.729164
-0.728996
-0.728833
-0.728675
-0.728521
-0.728374
-0.728231
-0.728093
-0.727961
-0.727833
-0.727711
-0.727594
-0.727482
-0.727376
-0.727274
-0.727178
-0.727086
-0.727
-0.726919
-0.726843
-0.726772
-0.726707
-0.726646
-0.726591
-0.726541
-0.726496
-0.726456
-0.726422
-0.726392
-0.726368
-0.726348
-0.726334
-0.726325
-0.726322
-0.726323
-0.72633
-0.726341
-0.726358
-0.72638
-0.726407
-0.72644
-0.726477
-0.72652
-0.726567
-0.72662
-0.726678
-0.726741
-0.72681
-0.726883
-0.726962
-0.727045
-0.727134
-0.727228
-0.727328
-0.727432
-0.727541
-0.727656
-0.727776
-0.727901
-0.728031
-0.728166
-0.728306
-0.728452
-0.728603
-0.728758
-0.728919
-0.729085
-0.729257
-0.729433
-0.729614
-0.729801
-0.729993
-0.730189
-0.730391
-0.730599
-0.730811
-0.731028
-0.731251
-0.731478
-0.731711
-0.731949
-0.732192
-0.73244
-0.732693
-0.732952
-0.733215
-0.733484
-0.733757
-0.734036
-0.73432
-0.734609
-0.734903
-0.735203
-0.735507
-0.735816
-0.736131
-0.736451
-0.736775
-0.737105
-0.73744
-0.73778
-0.738125
-0.738475
-0.738831
-0.739191
-0.739556
-0.739927
-0.740303
-0.740683
-0.741069
-0.74146
-0.741856
-0.742256
-0.742662
-0.743073
-0.743489
-0.743911
-0.744337
-0.744768
-0.745204
-0.745645
-0.746092
-0.746543
-0.746999
-0.747461
-0.747927
-0.748399
-0.748875
-0.749356
-0.749843
-0.750334
-0.750831
-0.751332
-0.751838
-0.75235
-0.752866
-0.753387
-0.753914
-0.754445
-0.754981
-0.755522
-0.756068
-0.75662
-0.757176
-0.757736
-0.758302
-0.758873
-0.759449
-0.760029
-0.760615
-0.761205
-0.761801
-0.762401
-0.763006
-0.763616
-0.76423
-0.76485
-0.765475
-0.766104
-0.766738
-0.767377
-0.768021
-0.76867
-0.769323
-0.769982
-0.770645
-0.771313
-0.771985
-0.772663
-0.773345
-0.774032
-0.774724
-0.77542
-0.776121
-0.776827
-0.777538
-0.778253
-0.778973
-0.779698
-0.780427
-0.781161
-0.7819
-0.782643
-0.783392
-0.784144
-0.784901
-0.785663
-0.78643
-0.787201
-0.787976
-0.788757
-0.789541
-0.790331
-0.791124
-0.791923
-0.792726
-0.793533
-0.794345
-0.795161
-0.795982
-0.796807
-0.797636
-0.79847
-0.799309
-0.800152
-0.800999
-0.80185
-0.802706
-0.803567
-0.804431
-0.8053
-0.806173
-0.80705
-0.807932
-0.808818
-0.809708
-0.810603
-0.811501
-0.812404
-0.813311
-0.814222
-0.815137
-0.816056
-0.81698
-0.817907
-0.818839
-0.819774
-0.820714
-0.821657
-0.822605
-0.823556
-0.824512
-0.825471
-0.826435
-0.827402
-0.828373
-0.829348
-0.830327
-0.831309
-0.832296
-0.833286
-0.83428
-0.835277
-0.836279
-0.837284
-0.838292
-0.839304
-0.84032
-0.84134
-0.842363
-0.843389
-0.844419
-0.845453
-0.84649
-0.847531
-0.848575
-0.849622
-0.850673
-0.851727
-0.852784
-0.853845
-0.854908
-0.855976
-0.857046
-0.858119
-0.859196
-0.860276
-0.861359
-0.862445
-0.863534
-0.864626
-0.865721
-0.866819
-0.86792
-0.869024
-0.87013
-0.87124
-0.872352
-0.873467
-0.874585
-0.875706
-0.876829
-0.877955
-0.879083
-0.880214
-0.881348
-0.882484
-0.883623
-0.884764
-0.885907
-0.887053
-0.888201
-0.889352
-0.890504
-0.891659
-0.892817
-0.893976
-0.895137
-0.896301
-0.897467
-0.898634
-0.899804
-0.900976
-0.902149
-0.903324
-0.904502
-0.905681
-0.906861
-0.908044
-0.909228
-0.910414
-0.911601
-0.91279
-0.91398
-0.915172
-0.916365
-0.91756
-0.918756
-0.919953
-0.921152
-0.922352
-0.923553
-0.924755
-0.925958
-0.927162
-0.928367
-0.929573
-0.93078
-0.931988
-0.933197
-0.934406
-0.935617
-0.936828
-0.938039
-0.939251
-0.940464
-0.941677
-0.94289
-0.944104
-0.945319
-0.946533
-0.947748
-0.948963
-0.950178
-0.951393
-0.952609
-0.953824
-0.955039
-0.956254
-0.957469
-0.958684
-0.959899
-0.961113
-0.962327
-0.96354
-0.964753
-0.965966
-0.967178
-0.968389
-0.9696
-0.97081
-0.972019
-0.973227
-0.974435
-0.975641
-0.976847
-0.978051
-0.979254
-0.980457
-0.981658
-0.982857
-0.984056
-0.985253
-0.986448
-0.987642
-0.988835
-0.990026
-0.991215
-0.992403
-0.993589
-0.994773
-0.995955
-0.997135
-0.998313
-0.999489
-1.00066
-1.00184
-1.003
-1.00417
-1.00534
-1.0065
-1.00766
-1.00882
-1.00997
-1.01113
-1.01227
-1.01342
-1.01457
-1.01571
-1.01685
-1.01798
-1.01911
-1.02024
-1.02137
-1.02249
-1.02361
-1.02473
-1.02584
-1.02695
-1.02806
-1.02916
-1.03026
-1.03135
-1.03244
-1.03353
-1.03461
-1.03569
-1.03677
-1.03784
-1.03891
-1.03997
-1.04103
-1.04209
-1.04314
-1.04418
-1.04522
-1.04626
-1.04729
-1.04832
-1.04934
-1.05036
-1.05138
-1.05238
-1.05339
-1.05439
-1.05538
-1.05637
-1.05735
-1.05833
-1.0593
-1.06027
-1.06123
-1.06219
-1.06314
-1.06409
-1.06503
-1.06596
-1.06689
-1.06781
-1.06873
-1.06964
-1.07055
-1.07145
-1.07234
-1.07323
-1.07411
-1.07498
-1.07585
-1.07671
-1.07757
-1.07842
-1.07926
-1.08009
-1.08092
-1.08175
-1.08256
-1.08337
-1.08418
-1.08497
-1.08576
-1.08654
-1.08732
-1.08808
-1.08885
-1.0896
-1.09035
-1.09108
-1.09182
-1.09254
-1.09326
-1.09397
-1.09467
-1.09536
-1.09605
-1.09673
-1.0974
-1.09807
-1.09872
-1.09937
-1.10001
-1.10065
-1.10127
-1.10189
-1.1025
-1.1031
-1.10369
-1.10428
-1.10485
-1.10542
-1.10598
-1.10653
-1.10708
-1.10761
-1.10814
-1.10866
-1.10917
-1.10967
-1.11016
-1.11065
-1.11112
-1.11159
-1.11205
-1.1125
-1.11294
-1.11337
-1.1138
-1.11421
-1.11462
-1.11501
-1.1154
-1.11578
-1.11615
-1.11651
-1.11687
-1.11721
-1.11755
-1.11787
-1.11819
-1.11849
-1.11879
-1.11908
-1.11936
-1.11963
-1.11989
-1.12015
-1.12039
-1.12062
-1.12085
-1.12106
-1.12127
-1.12147
-1.12165
-1.12183
-1.122
-1.12216
-1.12231
-1.12245
-1.12258
-1.1227
-1.12281
-1.12292
-1.12301
-1.1231
-1.12317
-1.12324
-1.12329
-1.12334
-1.12337
-1.1234
-1.12342
-1.12343
-1.12343
-1.12342
-1.1234
-1.12337
-1.12333
-1.12328
-1.12322
-1.12315
-1.12308
-1.12299
-1.1229
-1.12279
-1.12268
-1.12255
-1.12242
-1.12228
-1.12213
-1.12196
-1.12179
-1.12161
-1.12142
-1.12123
-1.12102
-1.1208
-1.12057
-1.12034
-1.12009
-1.11984
-1.11957
-1.1193
-1.11902
-1.11873
-1.11843
-1.11812
-1.1178
-1.11747
-1.11714
-1.11679
-1.11644
-1.11607
-1.1157
-1.11532
-1.11493
-1.11453
-1.11412
-1.11371
-1.11328
-1.11285
-1.1124
-1.11195
-1.11149
-1.11102
-1.11054
-1.11006
-1.10956
-1.10906
-1.10855
-1.10803
-1.1075
-1.10696
-1.10641
-1.10586
-1.1053
-1.10473
-1.10415
-1.10356
-1.10297
-1.10237
-1.10176
-1.10114
-1.10051
-1.09988
-1.09923
-1.09858
-1.09792
-1.09726
-1.09659
-1.0959
-1.09522
-1.09452
-1.09382
-1.0931
-1.09239
-1.09166
-1.09093
-1.09019
-1.08944
-1.08868
-1.08792
-1.08715
-1.08637
-1.08559
-1.0848
